3319 3 
24 60 18 
280 116 141 
171 179 136 
96 88 95 
16 25 26 
127 189 259 
477 443 447 
282 281 196 
353 413 355 
538 444 537 
34 35 66 
22 25 47 
12 23 16 
397 402 6 
85 86 57 
23 40 13 
69 70 113 
11 84 24 
13 40 29 
13 16 23 
23 14 40 
143 142 117 
28 12 53 
65 31 36 
92 162 207 
17 118 83 
17 44 118 
26 24 20 
47 25 13 
53 12 20 
16 20 12 
58 11 37 
26 20 16 
23 12 28 
65 64 31 
403 6 402 
29 39 47 
37 11 43 
28 15 23 
14 23 15 
25 11 26 
32 38 36 
13 25 16 
25 22 43 
11 24 26 
54 24 18 
184 56 87 
14 30 10 
10 104 14 
31 30 14 
17 37 44 
307 421 520 
31 14 15 
347 243 245 
36 31 15 
38 65 36 
52 19 32 
407 243 347 
28 75 15 
89 46 86 
35 30 64 
62 106 48 
15 75 36 
121 104 62 
274 1623 272 
32 36 51 
78 76 77 
37 43 44 
79 194 41 
30 35 10 
113 139 74 
84 58 57 
54 42 53 
145 121 62 
14 29 40 
59 45 58 
77 79 41 
76 51 75 
25 43 11 
44 43 22 
47 44 22 
170 173 140 
37 91 58 
83 92 125 
103 94 55 
103 55 18 
29 47 13 
44 47 39 
35 34 108 
35 108 107 
147 72 50 
64 66 35 
71 34 66 
194 279 41 
28 53 76 
41 81 78 
81 52 32 
131 155 4 
54 53 20 
76 53 42 
24 54 20 
55 54 18 
54 55 42 
103 60 61 
121 29 104 
158 7 203 
85 57 45 
60 57 46 
91 37 17 
57 58 45 
91 125 59 
45 59 167 
60 24 84 
60 46 61 
86 46 57 
168 186 187 
107 63 106 
62 48 145 
146 108 34 
246 108 146 
31 64 30 
66 64 49 
69 65 38 
64 65 49 
49 69 68 
66 49 68 
68 74 71 
111 27 148 
49 65 69 
71 74 114 
110 147 38 
72 147 110 
469 139 70 
34 71 73 
68 71 66 
497 529 473 
110 38 32 
412 411 352 
147 69 38 
5 82 150 
67 111 115 
113 74 68 
76 75 28 
36 75 51 
193 100 102 
81 41 52 
80 42 55 
78 77 41 
51 76 78 
42 77 76 
79 80 4 
77 42 80 
4 80 55 
79 77 80 
32 51 81 
78 81 51 
82 5 151 
337 271 228 
119 44 39 
183 120 105 
58 84 11 
60 84 57 
191 85 45 
85 33 86 
89 90 88 
86 90 89 
1258 901 809 
99 4 94 
94 4 55 
46 89 61 
90 86 33 
61 89 88 
189 168 187 
122 90 186 
125 91 17 
58 91 59 
92 160 137 
126 188 191 
137 7 133 
186 87 122 
122 56 164 
61 96 94 
116 152 141 
155 116 156 
88 96 61 
100 96 95 
56 166 164 
1259 129 1258 
94 100 99 
99 128 131 
94 96 100 
152 116 131 
166 95 164 
141 152 157 
216 186 168 
235 169 436 
166 100 95 
157 130 142 
60 103 18 
94 103 61 
14 104 29 
10 62 104 
166 102 100 
343 1613 183 
107 62 10 
409 349 63 
62 107 106 
10 35 107 
146 34 73 
63 107 108 
244 73 148 
246 244 245 
32 19 110 
110 19 72 
114 73 71 
452 197 476 
469 82 139 
139 67 74 
69 113 68 
139 113 70 
115 74 67 
148 114 111 
111 114 115 
74 115 114 
344 143 480 
373 464 510 
131 128 152 
101 144 154 
119 118 44 
159 118 119 
120 119 39 
48 345 343 
121 39 29 
160 92 83 
105 120 121 
39 121 120 
123 138 159 
88 90 122 
122 87 56 
138 124 158 
124 182 366 
120 123 119 
209 92 207 
83 125 17 
209 125 92 
190 187 33 
302 301 270 
56 184 185 
130 157 152 
130 152 128 
963 894 511 
170 174 173 
130 97 142 
156 278 279 
102 166 135 
154 153 102 
383 304 425 
1526 0 1506 
486 475 479 
255 101 225 
278 195 196 
7 137 160 
153 128 102 
139 82 151 
158 124 174 
411 149 329 
67 139 151 
133 179 161 
136 7 170 
203 138 158 
225 185 165 
330 332 192 
170 7 158 
136 140 204 
100 193 99 
1259 144 129 
101 154 135 
801 798 730 
165 217 221 
92 137 162 
142 97 1264 
183 1613 176 
343 145 48 
121 145 105 
73 244 146 
435 455 67 
246 409 63 
70 69 147 
244 148 27 
114 148 73 
163 366 1614 
67 455 111 
469 147 50 
285 112 231 
470 333 341 
247 151 5 
155 79 4 
273 275 277 
130 153 97 
128 153 130 
102 135 154 
72 271 50 
194 155 156 
116 155 131 
99 131 4 
154 144 1259 
742 900 740 
157 142 143 
159 83 118 
138 203 159 
123 159 119 
136 133 7 
133 162 137 
83 7 160 
162 133 161 
208 210 181 
250 162 161 
167 209 126 
176 138 123 
182 1613 21 
95 88 164 
122 164 88 
186 216 87 
132 364 964 
212 166 56 
212 135 166 
209 167 59 
191 167 126 
90 187 186 
213 215 168 
469 70 147 
183 176 123 
140 173 177 
140 136 170 
161 179 354 
346 399 404 
204 177 178 
170 158 174 
172 1617 177 
1615 21 436 
172 173 174 
172 174 366 
178 413 204 
288 286 385 
138 176 124 
172 177 173 
177 175 178 
400 233 286 
178 175 291 
136 179 133 
171 413 354 
171 204 413 
600 608 531 
162 208 207 
126 211 93 
176 182 124 
182 21 1615 
120 183 123 
105 145 343 
217 87 216 
185 184 165 
955 221 890 
135 212 101 
187 90 33 
216 168 215 
33 191 190 
189 127 213 
93 299 126 
259 260 227 
298 187 190 
189 260 259 
191 33 85 
190 188 298 
191 45 167 
190 191 188 
19 52 281 
329 331 335 
102 128 193 
99 193 128 
155 194 79 
461 319 229 
280 156 116 
344 157 143 
196 195 282 
52 41 196 
435 67 151 
199 238 422 
5 452 247 
399 472 404 
163 1617 172 
285 351 202 
202 199 198 
338 317 468 
564 543 238 
109 347 245 
197 285 202 
169 235 385 
83 159 203 
7 83 203 
136 204 171 
177 204 140 
460 417 371 
313 1624 427 
314 316 310 
208 206 251 
162 250 208 
209 207 181 
314 251 206 
181 207 208 
211 209 181 
125 209 59 
303 301 210 
252 210 301 
211 181 252 
126 209 211 
56 185 212 
212 185 101 
253 293 127 
168 189 213 
293 214 215 
255 129 144 
127 215 213 
165 184 217 
218 215 214 
217 184 87 
216 218 217 
801 218 214 
215 218 216 
864 868 875 
266 265 268 
357 358 258 
224 132 489 
132 222 489 
218 221 217 
808 757 763 
616 744 867 
101 255 144 
253 798 293 
426 359 226 
364 132 224 
456 357 258 
640 642 294 
185 225 101 
620 622 618 
132 511 609 
507 372 765 
263 127 262 
19 281 272 
330 192 327 
256 372 612 
321 273 277 
321 1623 273 
272 271 72 
435 247 350 
285 197 382 
231 112 470 
533 491 532 
1618 241 481 
389 472 399 
202 234 199 
387 239 384 
498 529 497 
553 983 830 
557 350 396 
350 476 198 
456 448 357 
398 466 232 
429 395 346 
198 396 350 
483 384 233 
472 478 483 
612 507 770 
109 491 242 
199 558 396 
334 236 467 
558 199 287 
349 348 345 
289 109 242 
246 63 108 
27 201 244 
245 244 201 
109 245 201 
246 245 243 
246 243 409 
146 244 246 
352 452 5 
248 236 334 
192 321 323 
470 341 236 
504 415 474 
355 249 361 
250 161 316 
208 250 206 
180 210 251 
208 251 210 
211 252 93 
181 210 252 
127 259 262 
263 253 127 
294 284 773 
496 562 383 
257 731 220 
800 801 730 
706 27 566 
419 510 464 
800 888 890 
635 295 527 
532 668 509 
957 898 964 
189 298 260 
227 1625 262 
299 260 298 
260 93 300 
300 227 260 
253 263 266 
227 262 259 
262 261 263 
861 266 267 
269 266 263 
312 1625 482 
662 304 423 
723 268 796 
268 798 253 
269 263 261 
730 793 610 
312 482 392 
861 264 859 
809 902 904 
731 732 891 
1629 261 420 
266 269 267 
270 482 302 
302 482 1625 
72 19 272 
329 149 332 
272 230 274 
228 271 272 
275 274 230 
278 319 195 
230 282 275 
274 273 1623 
461 766 464 
273 274 275 
229 480 461 
321 192 1623 
374 275 195 
322 320 321 
279 278 196 
280 278 156 
41 279 196 
156 279 194 
344 280 141 
278 280 229 
196 281 52 
272 281 230 
275 282 195 
281 282 230 
351 542 564 
483 400 404 
285 290 351 
537 561 405 
435 350 471 
566 27 709 
391 310 360 
576 566 709 
405 856 855 
200 571 569 
422 238 543 
408 410 403 
410 6 403 
48 106 349 
285 231 290 
1614 1615 390 
175 1618 1619 
291 249 355 
296 258 292 
359 426 439 
127 293 215 
266 268 253 
361 363 362 
491 134 242 
458 740 738 
292 258 358 
618 205 494 
294 388 640 
648 365 638 
643 774 642 
298 189 187 
299 298 188 
126 299 188 
93 260 299 
301 300 93 
302 300 301 
252 301 93 
303 210 180 
270 303 441 
227 300 302 
440 315 490 
270 301 303 
180 427 303 
509 669 423 
465 305 457 
428 439 426 
427 433 441 
229 344 480 
180 313 427 
1630 745 616 
314 313 180 
597 340 334 
477 386 443 
440 614 315 
316 314 206 
316 360 310 
456 428 448 
1626 1627 434 
357 448 391 
588 594 317 
180 251 314 
338 453 339 
206 250 316 
310 313 314 
296 807 258 
919 1308 1054 
171 354 179 
358 360 356 
1624 310 391 
440 312 432 
322 373 276 
318 373 374 
229 319 278 
374 319 318 
510 528 276 
327 192 323 
322 321 277 
323 321 320 
373 322 277 
446 322 276 
311 328 323 
328 376 327 
485 324 326 
474 307 520 
380 339 336 
5 150 412 
311 459 450 
376 326 324 
328 327 323 
330 327 331 
311 323 320 
328 326 376 
329 330 331 
50 271 337 
331 327 325 
332 330 329 
336 331 325 
336 335 331 
411 412 149 
332 228 1623 
339 333 336 
855 854 389 
411 329 335 
150 50 337 
333 112 335 
197 202 476 
376 377 380 
335 336 333 
332 337 228 
290 231 248 
530 589 465 
339 453 333 
380 336 325 
714 679 595 
317 377 324 
609 226 222 
453 338 468 
248 232 290 
385 239 169 
169 1621 436 
346 404 342 
495 387 384 
487 394 235 
459 311 320 
532 705 668 
239 385 286 
472 389 478 
172 366 163 
109 289 347 
347 289 407 
348 407 408 
348 408 394 
63 349 106 
345 348 394 
476 202 198 
451 577 700 
382 197 452 
351 290 542 
248 470 236 
335 112 382 
178 291 355 
353 356 354 
353 362 356 
316 161 354 
361 249 414 
353 355 362 
356 292 358 
316 354 356 
361 617 363 
662 425 304 
361 205 617 
360 358 357 
417 446 528 
459 446 417 
360 357 391 
356 360 316 
507 767 768 
362 292 356 
355 361 362 
755 628 762 
774 284 294 
507 612 372 
732 255 225 
527 626 755 
129 257 901 
746 748 219 
556 535 555 
1625 420 261 
512 440 432 
422 543 437 
942 944 945 
549 548 431 
464 318 461 
567 422 200 
312 490 1625 
254 506 284 
1616 163 390 
993 561 444 
809 901 902 
305 465 450 
374 373 277 
464 373 318 
275 374 277 
319 374 195 
465 485 450 
317 338 377 
377 376 324 
376 325 327 
597 334 467 
380 377 338 
465 589 485 
756 634 721 
485 589 324 
381 430 598 
339 380 338 
325 376 380 
386 477 718 
505 598 430 
533 534 397 
335 382 352 
470 112 333 
396 198 199 
6 134 397 
1619 249 291 
422 287 199 
239 286 233 
415 307 474 
233 384 239 
234 202 351 
387 495 393 
199 234 238 
345 48 349 
562 496 539 
1620 1622 1616 
332 149 337 
361 414 205 
500 604 445 
366 174 124 
363 295 635 
21 235 436 
343 345 487 
393 1620 1621 
343 487 21 
415 378 307 
398 248 334 
496 383 425 
429 346 397 
532 491 297 
342 402 397 
134 491 533 
714 595 468 
248 398 232 
537 240 538 
519 414 416 
400 342 404 
288 403 286 
444 561 537 
583 524 686 
342 397 346 
400 286 403 
400 403 402 
408 403 288 
728 790 945 
288 385 235 
537 395 240 
404 472 483 
706 201 27 
346 395 399 
408 407 289 
348 349 409 
408 289 410 
288 235 394 
243 407 409 
409 407 348 
289 242 410 
6 410 242 
335 352 411 
5 412 352 
150 337 412 
149 412 337 
355 413 178 
354 413 353 
481 504 249 
631 523 624 
483 478 384 
459 320 446 
249 416 414 
495 478 462 
427 441 303 
304 383 538 
734 735 220 
650 651 649 
388 294 773 
506 306 528 
743 615 1695 
1616 1694 1693 
392 482 270 
297 491 109 
979 671 814 
463 542 232 
292 362 363 
850 727 401 
880 862 950 
395 429 240 
897 515 226 
502 605 500 
415 430 378 
237 737 744 
515 426 226 
363 296 292 
779 525 720 
617 618 295 
297 704 705 
814 1131 816 
359 757 489 
21 487 235 
422 437 200 
393 495 497 
460 1626 457 
449 426 515 
599 442 378 
1629 269 261 
241 505 430 
444 562 993 
895 513 896 
897 896 515 
365 254 284 
393 1621 387 
368 443 442 
340 398 334 
523 421 518 
382 452 352 
512 458 440 
563 700 683 
433 392 441 
415 241 430 
528 446 276 
433 427 438 
449 428 426 
745 315 614 
545 557 431 
541 672 699 
304 429 423 
373 510 276 
654 375 652 
490 420 1625 
328 311 326 
381 445 493 
670 424 667 
773 506 256 
433 432 392 
391 428 449 
551 550 547 
456 761 428 
157 344 141 
446 320 322 
305 459 417 
312 392 432 
428 391 448 
455 435 471 
993 562 539 
549 570 552 
242 134 6 
542 463 369 
247 435 151 
957 364 803 
1122 1033 1100 
459 305 450 
498 497 495 
512 367 458 
716 718 477 
520 521 474 
588 317 324 
305 417 460 
485 311 450 
443 484 442 
480 765 766 
229 280 344 
475 478 389 
458 614 440 
394 487 345 
270 441 392 
461 318 319 
528 510 419 
311 485 326 
656 658 654 
604 368 493 
600 531 602 
697 675 989 
333 453 341 
675 697 379 
595 453 468 
50 150 469 
82 469 150 
467 236 341 
476 350 247 
542 290 232 
240 429 304 
846 794 845 
528 419 506 
471 557 545 
233 400 483 
470 248 231 
381 529 445 
341 453 595 
387 1621 239 
285 382 112 
575 678 675 
529 498 445 
462 486 488 
224 803 364 
529 381 598 
475 462 478 
562 444 538 
486 462 475 
247 452 476 
402 342 400 
440 490 312 
849 727 850 
343 183 105 
495 384 478 
258 807 456 
767 507 765 
307 378 442 
501 498 488 
288 394 408 
488 486 503 
575 379 680 
498 495 462 
449 438 1624 
506 254 306 
496 425 424 
205 414 519 
1617 175 177 
497 473 1622 
457 305 460 
442 599 368 
600 477 447 
486 479 499 
853 724 791 
791 479 853 
484 421 307 
462 488 498 
306 254 648 
501 445 498 
256 419 372 
588 589 592 
427 1624 438 
854 855 856 
745 490 315 
486 499 503 
522 519 521 
501 488 503 
502 500 501 
445 501 500 
942 946 502 
386 421 484 
852 724 853 
501 503 502 
249 504 416 
241 504 481 
504 241 415 
1618 175 1617 
652 1626 434 
365 637 638 
669 509 454 
417 528 371 
811 640 388 
397 134 533 
1258 129 901 
536 994 1131 
143 768 767 
256 506 419 
222 359 489 
129 255 257 
433 513 432 
512 432 513 
438 514 433 
513 433 514 
515 438 449 
515 514 438 
897 511 894 
222 226 359 
737 237 738 
744 737 517 
1641 8 951 
560 447 368 
626 527 622 
521 519 416 
205 519 522 
474 521 416 
494 205 522 
416 504 474 
521 520 522 
523 520 421 
522 520 523 
526 523 518 
624 523 526 
580 720 703 
690 688 526 
386 518 421 
619 620 623 
677 690 718 
584 690 677 
627 622 619 
636 757 758 
464 766 419 
371 528 306 
938 1327 789 
493 445 604 
457 530 465 
381 493 599 
307 442 484 
599 430 381 
297 109 201 
509 423 534 
509 533 532 
429 534 423 
397 534 429 
509 534 533 
471 545 455 
549 287 567 
1456 1457 1673 
496 424 670 
855 537 405 
537 399 395 
304 538 240 
562 538 383 
1518 1519 999 
401 561 540 
1591 1601 1051 
265 796 268 
451 340 597 
681 379 697 
463 232 466 
369 543 564 
564 238 234 
463 565 369 
717 677 716 
666 671 590 
548 545 431 
547 555 566 
567 570 549 
586 701 712 
551 576 545 
551 547 576 
431 558 549 
548 546 550 
546 548 552 
548 549 552 
550 546 712 
566 555 535 
545 548 551 
550 551 548 
567 568 570 
568 569 930 
553 568 930 
546 552 554 
574 554 553 
776 556 701 
547 550 555 
556 555 550 
712 554 586 
705 708 668 
350 557 471 
558 557 396 
549 558 287 
557 558 431 
371 306 1627 
699 680 565 
447 443 368 
443 386 484 
700 398 340 
541 699 563 
773 612 388 
824 1139 673 
369 564 542 
351 564 234 
541 683 702 
697 573 681 
704 566 535 
709 27 111 
422 567 287 
568 567 200 
569 568 200 
568 553 570 
571 200 437 
569 571 681 
553 554 570 
552 570 554 
565 572 437 
571 379 681 
543 369 437 
700 577 683 
700 563 466 
573 988 836 
678 575 672 
779 720 780 
566 576 547 
673 694 579 
1342 579 694 
574 711 693 
702 692 370 
572 565 680 
781 787 782 
678 672 370 
696 711 835 
675 379 575 
780 720 722 
603 524 584 
584 688 690 
682 822 821 
715 840 685 
685 828 822 
623 719 632 
711 696 693 
703 687 632 
585 834 838 
692 544 579 
832 711 830 
554 574 693 
1135 917 976 
556 587 707 
556 712 701 
649 655 652 
594 588 592 
592 589 530 
324 589 588 
696 911 693 
571 572 379 
656 657 658 
968 970 971 
592 530 657 
591 1637 594 
582 685 682 
841 714 593 
591 594 592 
317 594 593 
714 468 317 
467 341 595 
591 656 967 
684 597 467 
684 679 715 
682 698 777 
505 1693 1694 
529 598 473 
599 493 368 
430 599 378 
608 600 447 
601 1077 1078 
687 721 632 
602 716 600 
726 795 725 
784 603 783 
688 524 583 
601 677 717 
605 604 500 
368 604 560 
792 725 846 
604 605 560 
1349 508 670 
601 717 843 
1431 1387 996 
608 560 790 
447 560 608 
560 605 790 
132 609 222 
897 609 511 
723 802 793 
731 734 220 
890 891 955 
1636 733 734 
1166 966 1232 
1371 644 1394 
489 808 224 
1020 960 1019 
738 614 458 
745 614 237 
892 893 804 
739 1701 743 
1628 264 861 
420 490 745 
618 617 205 
363 617 295 
620 618 494 
527 295 618 
631 494 522 
630 756 629 
633 494 631 
622 620 619 
386 718 518 
580 583 686 
627 626 622 
618 622 527 
494 623 620 
934 756 721 
783 601 1157 
624 719 633 
630 625 627 
748 749 747 
746 628 625 
625 628 626 
623 634 619 
625 626 627 
1631 760 219 
807 759 761 
630 619 634 
629 934 991 
619 630 627 
749 748 751 
523 631 522 
719 688 703 
584 677 603 
703 583 580 
494 633 623 
624 633 631 
633 719 623 
632 634 623 
527 296 635 
363 635 296 
758 757 359 
1631 636 760 
648 638 434 
388 612 418 
770 418 612 
434 638 650 
643 637 774 
811 388 418 
645 1435 647 
643 1352 645 
645 647 646 
639 642 640 
1353 644 1352 
1360 1359 1365 
774 637 365 
1432 1394 1358 
1361 659 664 
642 1352 643 
1354 646 651 
646 1361 664 
652 434 650 
1353 1360 644 
646 647 1362 
648 434 1627 
365 648 254 
968 969 908 
968 665 813 
651 650 638 
652 650 649 
638 637 1354 
646 1354 645 
654 652 655 
652 375 1626 
1499 1496 1355 
1045 812 1048 
655 970 1043 
657 656 591 
661 655 649 
425 662 424 
423 669 662 
591 592 657 
457 658 530 
658 457 375 
654 658 375 
530 658 657 
659 661 664 
1352 642 1353 
283 1057 1279 
708 776 454 
664 661 649 
665 661 659 
971 661 665 
814 666 660 
663 713 973 
1132 1460 1073 
651 664 649 
646 664 651 
663 590 454 
590 667 669 
556 776 587 
663 666 590 
663 660 666 
670 667 671 
532 297 705 
454 509 668 
454 590 669 
669 667 662 
424 662 667 
994 536 999 
663 454 776 
666 814 671 
694 1054 1276 
577 698 674 
579 544 673 
674 673 544 
466 398 700 
840 679 596 
681 573 931 
466 563 463 
340 451 700 
572 680 379 
580 722 720 
632 719 703 
680 699 672 
370 541 702 
544 702 683 
703 688 583 
777 698 451 
463 563 699 
777 451 597 
988 987 1143 
715 679 840 
673 674 824 
370 692 1340 
826 824 821 
688 719 624 
582 684 715 
672 541 370 
580 686 788 
909 974 820 
689 621 786 
1637 906 1638 
842 991 934 
718 690 518 
309 1640 935 
710 780 781 
832 834 835 
721 687 525 
684 582 597 
828 927 822 
721 525 934 
463 699 565 
577 674 544 
702 544 692 
776 701 713 
577 451 698 
576 455 545 
582 715 685 
826 827 1052 
910 701 586 
595 679 467 
571 437 572 
1385 1306 1307 
565 437 369 
1345 1320 1340 
679 684 467 
1495 1684 1587 
680 672 575 
544 683 577 
683 541 563 
1157 1078 1158 
824 674 698 
687 720 525 
584 524 688 
9 1156 1158 
535 556 707 
706 297 201 
707 704 535 
705 707 708 
566 704 706 
297 706 704 
708 707 587 
704 707 705 
776 708 587 
668 708 454 
111 455 709 
576 709 455 
722 786 787 
703 720 687 
930 569 681 
693 586 554 
550 712 556 
554 712 546 
911 696 912 
671 667 590 
593 714 317 
714 596 679 
691 840 841 
777 582 682 
600 716 477 
717 716 602 
843 717 602 
624 526 688 
677 718 716 
842 934 779 
778 935 1639 
788 785 786 
780 710 779 
634 632 721 
785 686 603 
783 603 677 
849 850 789 
524 603 686 
727 724 852 
1006 728 1005 
724 725 792 
401 606 850 
942 503 499 
1327 492 1326 
1197 1011 1198 
943 942 499 
724 849 725 
724 727 849 
845 792 846 
844 265 859 
1007 948 1013 
945 946 942 
730 723 793 
800 730 610 
257 255 732 
611 1636 734 
165 955 225 
257 732 731 
799 876 802 
866 1016 1015 
611 734 731 
735 734 733 
1124 903 965 
772 418 770 
1026 1023 736 
899 1649 1646 
237 614 738 
743 737 615 
740 458 367 
615 737 738 
900 615 740 
1642 951 880 
962 892 804 
615 738 740 
957 736 958 
741 1040 892 
367 956 893 
735 805 220 
615 900 1695 
1698 1700 516 
867 744 517 
745 744 616 
744 745 237 
1628 1629 1630 
630 749 751 
219 628 746 
1034 1084 1036 
748 753 219 
746 625 751 
1105 1085 1118 
630 629 749 
629 991 937 
1089 1086 750 
1028 1021 1023 
746 751 748 
630 751 625 
748 1090 753 
1029 1024 1027 
1090 748 747 
1631 753 752 
755 296 527 
219 760 628 
628 755 626 
755 754 807 
634 756 630 
690 526 518 
758 359 439 
763 757 636 
439 759 758 
762 759 754 
439 428 761 
754 755 762 
636 758 760 
759 760 758 
807 761 456 
439 761 759 
628 760 762 
759 762 760 
1631 763 636 
1029 1080 750 
1250 1165 1123 
905 639 811 
419 766 372 
767 765 480 
480 766 461 
372 766 765 
480 143 767 
768 143 117 
772 771 769 
507 768 770 
1257 1253 1255 
1166 1233 1249 
771 770 768 
770 771 772 
117 1262 768 
1261 1296 1264 
905 769 810 
811 639 640 
506 773 284 
612 773 256 
284 774 365 
642 774 294 
659 813 665 
972 1044 1043 
713 663 776 
582 777 597 
698 682 821 
842 779 710 
578 1632 784 
781 782 778 
787 621 782 
787 780 722 
781 780 787 
601 783 677 
784 783 581 
784 581 1203 
578 689 1632 
784 785 603 
784 1632 785 
788 786 722 
786 785 1632 
621 787 786 
580 788 722 
785 788 686 
728 945 1000 
847 889 797 
726 729 1287 
1472 941 993 
1074 1075 1076 
531 1002 1074 
1004 846 795 
792 791 724 
1007 1005 948 
723 796 802 
791 792 845 
265 861 859 
1197 1198 1154 
502 503 942 
887 882 871 
601 843 1077 
858 793 802 
735 733 1014 
293 798 214 
723 798 268 
799 802 844 
872 847 797 
888 800 610 
221 218 801 
801 214 798 
221 801 800 
857 610 793 
863 797 858 
803 224 1027 
957 803 736 
804 893 956 
963 964 898 
1643 739 1697 
1650 1697 1696 
960 1020 1648 
966 1169 1172 
755 807 296 
759 807 754 
757 808 489 
808 763 1029 
257 902 901 
1253 1257 764 
1254 1253 1250 
1356 1360 1353 
418 772 811 
811 772 905 
825 924 926 
922 923 921 
1045 1128 1046 
820 814 660 
1131 820 815 
820 973 909 
820 974 815 
1132 1470 1460 
508 1349 819 
997 1504 1463 
858 857 793 
1429 1431 1136 
1196 1676 978 
1676 607 1153 
1217 916 1484 
820 660 973 
508 1430 1516 
822 682 685 
821 695 826 
924 920 922 
695 821 822 
695 822 927 
826 1052 823 
821 824 698 
824 823 1139 
828 920 924 
928 827 695 
827 826 695 
824 826 823 
981 1060 1056 
1139 980 1054 
920 828 685 
928 929 918 
833 829 986 
574 830 711 
553 830 574 
833 832 830 
836 986 829 
831 932 984 
833 830 829 
834 832 831 
829 931 836 
831 832 833 
838 932 837 
835 834 585 
835 585 975 
711 832 835 
1450 1461 1449 
1070 1146 1147 
1131 815 1073 
838 984 932 
1070 1675 839 
819 1519 1430 
1680 1193 1148 
988 989 987 
841 840 596 
685 840 691 
714 841 596 
841 593 925 
710 990 842 
747 749 937 
602 531 1074 
608 790 531 
797 857 858 
888 889 1636 
845 942 943 
606 401 540 
850 606 789 
730 798 723 
846 725 795 
889 857 797 
265 844 796 
802 796 844 
789 726 849 
789 1327 726 
401 727 856 
1484 996 1217 
389 854 475 
499 479 791 
405 401 856 
856 727 852 
854 479 475 
725 849 726 
852 853 854 
854 853 479 
389 399 855 
537 855 399 
561 401 405 
854 856 852 
869 863 870 
860 863 869 
864 859 264 
844 859 875 
869 883 885 
863 872 797 
266 861 265 
861 267 1628 
864 264 873 
878 868 862 
876 874 870 
860 866 872 
616 867 873 
868 864 862 
871 868 878 
883 874 882 
954 848 1635 
733 1015 1014 
950 867 1642 
873 950 864 
881 865 887 
799 844 875 
870 863 858 
882 874 871 
876 858 802 
799 871 874 
799 874 876 
882 884 954 
860 872 863 
847 872 866 
616 873 264 
873 867 950 
885 860 869 
8 881 952 
864 875 859 
799 875 868 
871 799 868 
858 876 870 
1225 1224 1291 
954 1635 885 
879 878 862 
952 879 8 
1699 1642 1018 
881 887 952 
1701 1018 1645 
1645 1642 867 
865 882 887 
884 848 954 
870 883 869 
874 883 870 
882 865 884 
889 888 610 
954 883 882 
1634 877 1301 
1440 1240 1171 
953 1634 1635 
952 871 878 
952 878 879 
890 888 611 
889 610 857 
1636 847 733 
890 611 891 
221 800 890 
731 891 611 
225 891 732 
1040 1041 806 
893 892 742 
742 740 893 
367 893 740 
512 895 367 
896 513 514 
513 895 512 
956 895 894 
515 896 514 
895 896 894 
897 226 609 
896 897 894 
892 962 741 
898 962 963 
960 1041 959 
1040 742 892 
1697 739 1695 
1040 1696 742 
902 257 220 
1258 809 1294 
965 805 735 
1295 904 903 
805 902 220 
904 965 903 
904 902 805 
903 1165 1295 
769 905 772 
1356 905 810 
655 971 970 
982 1068 1651 
1129 1046 1047 
813 98 907 
1652 1048 812 
713 701 910 
909 911 912 
693 910 586 
910 909 973 
909 910 911 
693 911 910 
696 975 912 
1050 975 585 
1131 994 816 
1517 1430 1534 
1608 1609 1612 
1682 1679 1600 
976 1492 1460 
1483 1180 1484 
995 1478 1479 
607 1676 1454 
1073 1460 1495 
818 1454 1452 
926 1055 825 
918 1063 1066 
1063 1056 1060 
1144 1149 985 
685 691 920 
920 691 922 
923 922 691 
921 1068 926 
841 925 691 
924 922 921 
923 925 1637 
923 1637 1638 
926 924 921 
828 924 825 
1637 925 593 
691 925 923 
923 1651 921 
283 1061 1661 
929 828 825 
928 927 929 
918 1066 1142 
695 927 928 
828 929 927 
825 1055 1056 
931 930 681 
829 830 983 
836 931 573 
930 931 829 
831 833 986 
831 985 932 
988 573 989 
1143 933 1144 
756 934 629 
779 934 525 
1639 710 781 
1096 936 1111 
1112 842 990 
1112 990 1640 
629 937 749 
1096 937 936 
789 606 938 
940 938 606 
992 940 606 
978 1153 1218 
992 606 540 
1464 1678 1453 
993 941 992 
1473 508 1516 
845 944 942 
946 605 502 
499 791 943 
845 943 791 
845 794 944 
794 1004 1653 
1000 944 794 
1653 948 794 
945 790 946 
790 605 946 
1211 947 1663 
1006 1005 1007 
948 1005 1000 
1075 728 1006 
1015 1016 949 
1126 1127 1042 
950 862 864 
1645 1018 1642 
951 1642 1641 
1698 1641 1699 
871 952 887 
1016 1633 1017 
1301 1017 886 
860 885 1635 
883 954 885 
955 165 221 
891 225 955 
895 956 367 
963 956 894 
1023 1031 1030 
962 959 741 
1023 958 736 
1019 959 958 
898 957 959 
958 959 957 
1649 899 1650 
1229 1231 966 
1022 308 1020 
958 1023 1030 
963 962 804 
959 962 898 
963 804 956 
964 963 511 
132 964 511 
957 964 364 
904 805 965 
1124 1126 1042 
1044 656 1043 
1165 1124 1123 
1637 967 906 
969 813 907 
968 908 970 
813 969 968 
907 653 969 
972 970 908 
654 1043 656 
661 971 655 
968 971 665 
972 908 1128 
906 967 1044 
663 973 660 
910 973 713 
909 912 974 
974 912 1132 
835 975 696 
1050 585 838 
1135 838 837 
1682 1181 1679 
1457 1672 1673 
659 1361 1497 
1136 1196 1429 
1216 978 1218 
1676 1452 1454 
999 914 1518 
1056 1063 918 
1054 980 1137 
1186 982 1177 
929 825 1056 
1178 1130 1177 
1065 1066 1067 
553 930 983 
829 983 930 
838 834 984 
831 984 834 
1146 839 933 
1144 988 1143 
836 985 986 
831 986 985 
1070 839 1146 
1146 1143 987 
573 697 989 
1321 839 1151 
1318 1283 1309 
1071 1147 989 
710 1639 990 
1639 935 1640 
1112 991 842 
937 991 936 
993 992 540 
940 992 941 
993 540 561 
1349 816 994 
995 939 1483 
539 496 1473 
1479 1475 1481 
1491 1049 998 
1441 1462 1405 
939 1487 1483 
1313 1508 1469 
1153 1719 1218 
492 938 1523 
817 647 1501 
1132 1073 815 
1487 1489 1483 
9 1078 1202 
944 1000 945 
783 1157 581 
794 948 1000 
1002 790 728 
531 790 1002 
602 1074 843 
728 1000 1005 
846 1004 794 
795 1663 1653 
1012 1720 1719 
1289 1290 1328 
1653 1008 1013 
1077 1074 1076 
1011 1197 1007 
1010 1206 1205 
1011 1008 1010 
1159 1001 1204 
1006 1007 1009 
1031 1037 1025 
1201 1076 1155 
1013 1011 1007 
1159 1205 1012 
1205 1215 1720 
1201 1662 851 
1013 948 1653 
1011 1013 1008 
1015 733 847 
1014 949 1168 
866 1015 847 
949 1014 1015 
860 886 1633 
866 1633 1016 
1300 1301 877 
223 1298 1299 
1700 739 1643 
1642 880 950 
959 1019 960 
1079 613 1022 
1021 1035 1038 
1024 1081 1034 
1027 1026 736 
1020 1019 1030 
1023 1021 1031 
1034 1028 1024 
1026 1028 1023 
961 1039 1122 
1020 1025 1079 
736 803 1027 
1026 1024 1028 
224 808 1029 
1024 1026 1027 
1094 1093 1083 
1021 1028 1035 
1029 1027 224 
1080 1029 763 
958 1030 1019 
1025 1020 1030 
1038 1037 1021 
1030 1031 1025 
1110 3 1088 
1098 1033 1084 
1035 1028 1036 
1034 1087 1092 
1024 1029 1081 
1034 1081 1093 
1036 1028 1034 
1122 1039 1121 
1092 1032 1084 
1033 1035 1036 
1037 1121 613 
1031 1021 1037 
1122 1035 1033 
1037 1038 1121 
1079 1025 1037 
1079 1037 613 
1041 1040 741 
1040 806 1696 
959 1041 741 
1648 1647 960 
735 1167 965 
1167 735 1168 
655 1043 654 
972 1043 970 
1044 972 1048 
967 656 1044 
908 969 1046 
1129 1178 1045 
969 653 1046 
1129 1047 775 
1044 1048 906 
1046 653 1047 
1048 972 1128 
1135 976 1050 
1498 813 659 
1050 838 1135 
1050 976 1470 
1459 1525 1505 
994 999 819 
1188 1052 827 
1139 1052 980 
1312 1311 1141 
1142 827 928 
1054 1308 1276 
1139 1054 694 
1177 1130 1186 
1056 1055 981 
1061 1060 981 
929 1056 918 
1061 283 1279 
1316 1282 1311 
1052 1188 980 
1184 1053 1062 
1064 1661 981 
926 1185 1055 
1280 1188 1065 
981 1055 1064 
1140 1185 1068 
1184 1140 1274 
1059 1183 1057 
1061 981 1661 
1278 1063 1060 
1055 1185 1064 
1187 919 1137 
1067 1066 1063 
1065 1188 1142 
1279 1060 1061 
1315 1067 1317 
1651 1068 921 
1068 982 1186 
1134 536 1073 
1464 818 1678 
1071 989 675 
1344 1345 1340 
675 678 1071 
1283 1319 1320 
1468 1150 1467 
1131 1073 536 
1474 1518 1521 
1207 1212 1216 
1002 1075 1074 
1077 1201 1202 
728 1075 1002 
1155 1199 1009 
1199 1075 1006 
1009 1007 1197 
1155 1076 1199 
1074 1077 843 
1020 1079 1022 
1662 1201 1155 
752 750 1080 
1631 1080 763 
1029 750 1081 
1098 1095 1100 
750 1083 1081 
1083 750 1086 
1085 1086 1089 
1104 1087 1094 
1089 1091 1085 
1084 1033 1036 
1089 750 752 
1087 1106 1092 
1086 1094 1083 
1099 1095 1098 
752 1090 1089 
1093 1094 1087 
1102 1088 1655 
1090 1091 1089 
753 1090 752 
1090 747 1091 
1096 747 937 
1096 1091 747 
1034 1092 1084 
1106 1087 1104 
1083 1093 1081 
1087 1034 1093 
1085 1105 1086 
1105 1220 1097 
1084 1099 1098 
1100 1654 961 
1112 1116 1160 
1162 1096 1111 
1104 1094 1105 
1107 1101 1660 
1099 1084 1032 
1095 1654 1100 
1108 1032 1106 
1095 1099 1102 
1122 1121 1038 
1033 1098 1100 
1114 1032 1108 
1659 1106 1097 
1162 1119 1117 
1119 1219 1118 
309 1103 1116 
1094 1086 1105 
1106 1104 1097 
1091 1117 1085 
1097 1104 1105 
1656 1659 1097 
1092 1106 1032 
1656 1082 1107 
1109 1660 1101 
1659 1660 1108 
1114 1099 1032 
1161 1120 1115 
1099 1114 1102 
1088 1102 1110 
1109 1120 1114 
1112 1111 936 
309 1113 1103 
1112 936 991 
1639 1640 990 
1112 1160 1111 
1117 1118 1085 
1108 1109 1114 
1120 1101 1115 
3 1161 1115 
1102 1114 1120 
1113 1163 1103 
1113 1657 1163 
1096 1117 1091 
1162 1160 1119 
1117 1119 1118 
1219 1220 1118 
1102 1120 1110 
1120 1109 1101 
613 1121 1039 
1122 1038 1035 
961 1122 1100 
1166 1042 1169 
1221 1166 1249 
965 1167 1126 
1124 1042 1221 
1168 1125 1167 
1169 966 1166 
965 1126 1124 
1127 1126 1125 
1267 1266 1268 
1231 1234 1238 
1046 1128 908 
1048 1128 1045 
775 1275 1129 
1046 1129 1045 
1053 1274 1179 
1186 1130 1274 
815 974 1132 
914 999 1494 
1470 975 1050 
814 820 1131 
1349 994 819 
912 975 1470 
1606 1453 1152 
1530 1421 1466 
1181 1135 837 
917 1135 1181 
1471 1482 1476 
1603 1590 1600 
1187 1137 980 
919 1054 1137 
1408 1409 1382 
1306 1386 1449 
673 1139 694 
1139 823 1052 
1189 1280 1067 
1280 1189 1312 
918 1142 928 
1065 1142 1066 
1146 987 1147 
1322 1145 1191 
933 1143 1146 
1438 1381 1459 
1424 1458 1423 
1149 1144 1145 
1145 933 1191 
1523 938 940 
1147 1318 1070 
836 1144 985 
989 1147 987 
1145 1144 933 
1145 1192 1284 
932 1284 837 
1149 1145 1284 
1144 836 988 
1286 1192 1322 
932 985 1149 
916 492 1523 
406 1491 1681 
536 1134 1494 
1200 1662 1154 
1156 578 1203 
1197 1155 1009 
1198 1001 1154 
581 1157 1158 
601 1078 1157 
9 1158 1078 
1158 1156 1203 
1116 1103 1160 
1159 1204 1205 
1160 1103 1163 
3 1110 1161 
1120 1161 1110 
1096 1162 1117 
1160 1162 1111 
1657 1219 1163 
1160 1163 1119 
1082 1656 1658 
1657 1220 1219 
1295 1165 764 
1124 1165 903 
1304 1173 1334 
1231 1232 966 
735 1014 1168 
1126 1167 1125 
1267 1224 1270 
1168 949 1291 
1042 1127 1169 
1176 1267 1272 
1243 1237 1265 
1407 1442 1406 
1169 1173 1172 
1297 1237 1239 
1173 1169 1127 
1379 1400 1171 
1176 1173 1127 
1337 1234 1229 
1266 1176 1127 
1170 1265 1237 
1174 1226 1228 
1239 1442 1407 
1266 1127 1125 
1175 1239 1237 
1651 1177 982 
1178 812 1045 
1130 1178 1129 
812 1178 1177 
979 814 816 
1275 1179 1274 
1153 607 1719 
1193 837 1192 
1452 1196 1677 
1386 1306 1385 
694 1343 1342 
1528 1317 1183 
1183 1317 1278 
1661 1184 1062 
1185 1184 1064 
1068 1185 926 
1184 1185 1140 
1130 1275 1274 
1068 1186 1140 
1188 1187 980 
1311 1187 1141 
1188 827 1142 
1187 1188 1141 
1278 1317 1067 
1444 1282 1305 
1319 1283 1318 
1182 1276 1308 
839 1191 933 
1321 1191 839 
1603 998 1049 
1193 1181 837 
1194 1515 1467 
1286 1323 1324 
1321 1322 1191 
406 1148 1324 
1148 1193 1286 
1473 1472 539 
1198 1011 1010 
1001 1200 1154 
1198 1010 1204 
1662 1200 851 
1075 1199 1076 
1009 1199 1006 
1155 1197 1154 
1201 851 1003 
1202 1201 1003 
1076 1201 1077 
9 1202 1003 
1077 1202 1078 
784 1203 578 
1158 1203 581 
1198 1204 1001 
1205 1204 1010 
1206 1010 1008 
1215 1206 1210 
1008 1208 1206 
947 1211 1208 
1206 1208 1210 
1325 1213 1287 
1008 947 1208 
1211 1210 1208 
1287 1213 1663 
941 1476 1477 
1209 1212 1210 
1212 1215 1210 
947 1653 1663 
1209 1210 1211 
1290 1209 1328 
1215 1212 1207 
1326 1288 1325 
1211 1213 1328 
1329 1214 1290 
1216 1218 1207 
1207 1719 1720 
1215 1205 1206 
1209 1216 1212 
1214 1429 1196 
1429 1214 1329 
978 1676 1153 
978 1216 1214 
1453 1678 1677 
1163 1219 1119 
1113 1164 1657 
1118 1220 1105 
1164 1082 1658 
1124 1221 1123 
1042 1166 1221 
1367 1373 1432 
1123 1249 1250 
1223 1364 1254 
1253 764 1250 
1225 949 1016 
1271 1269 1270 
1016 1017 1225 
1017 1300 1273 
1440 1228 1240 
1173 1304 1172 
1176 1334 1173 
1241 1233 1232 
1330 1265 1247 
1172 1229 966 
1234 1337 1240 
1246 1233 1241 
1176 1335 1334 
1166 1232 1233 
1241 1232 1231 
1234 1231 1229 
1244 1390 1242 
1400 1402 1440 
1241 1231 1238 
1233 1248 1249 
1175 1251 1292 
1292 1238 1234 
1226 1175 1227 
1332 1330 1293 
1246 1242 1222 
1265 1170 1247 
1228 1227 1240 
1292 1234 1227 
1238 1236 1241 
1174 1442 1226 
1175 1226 1239 
1441 1407 1406 
1250 1223 1254 
1242 1241 1236 
1241 1242 1246 
1245 1242 1236 
1245 1244 1242 
1251 1237 1243 
1243 1332 1245 
1332 1243 1330 
1244 1245 1332 
1226 1227 1228 
1251 1243 1245 
1222 1389 1363 
1248 1246 1363 
1234 1240 1227 
1246 1222 1363 
1248 1223 1249 
1233 1246 1248 
1250 1249 1223 
1221 1249 1123 
1251 1245 1236 
1175 1237 1251 
1236 1238 1292 
1250 764 1165 
810 769 1664 
1255 1252 1664 
1253 1252 1255 
1364 1223 1363 
1253 1254 1252 
769 771 1260 
1256 1295 1257 
1255 1260 1257 
1261 97 1259 
1255 769 1260 
1256 1294 1295 
1296 117 1264 
97 153 1259 
1259 1258 1261 
153 154 1259 
1262 1260 771 
1256 1257 1260 
1263 1261 1258 
142 1264 117 
768 1262 771 
1296 1262 117 
1294 1263 1258 
1296 1256 1260 
97 1261 1264 
1296 1261 1263 
1268 1224 1267 
1168 1268 1125 
1273 1224 1225 
1176 1266 1267 
1125 1268 1266 
1268 1168 1291 
1303 1335 1378 
1270 1272 1267 
1270 1224 1273 
1270 1269 1272 
1300 877 1299 
223 1376 1298 
1374 1272 1269 
1304 1229 1172 
1017 1273 1225 
1270 1273 1271 
1184 1274 1053 
1186 1274 1140 
1129 1275 1130 
775 1179 1275 
1311 1282 1310 
1343 1276 1182 
1283 1320 1307 
1383 1305 1424 
1063 1278 1067 
1279 1278 1060 
1057 1183 1279 
1279 1183 1278 
1188 1280 1141 
1067 1280 1065 
1527 1058 1508 
1316 1314 1313 
1313 1314 1315 
1675 1309 1451 
1319 1147 1071 
1411 1346 1347 
1149 1284 932 
1192 837 1284 
1675 1468 1151 
1324 1323 1195 
1192 1286 1193 
1322 1323 1286 
726 1287 795 
1325 1287 729 
670 979 1349 
1290 1214 1216 
1289 1328 1325 
1329 1289 1348 
1209 1290 1216 
1329 1290 1289 
1225 1291 949 
1268 1291 1224 
1175 1292 1227 
1236 1292 1251 
1247 559 1293 
1351 1331 1332 
1295 1294 809 
1263 1294 1256 
904 1295 809 
1257 1295 764 
1256 1296 1263 
1296 1260 1262 
1230 1170 1297 
1237 1297 1170 
1269 1271 1298 
1299 1298 1271 
1300 1299 1271 
223 1299 877 
1273 1300 1271 
1300 1017 1301 
886 1017 1633 
1634 953 877 
1378 1399 1377 
1333 1374 1376 
1379 1336 1400 
1379 1380 1336 
1337 1304 1379 
1384 1316 1313 
1310 919 1311 
1190 1320 1665 
1318 1309 1070 
1316 1384 1418 
1385 1425 1386 
919 1187 1311 
1309 1283 1306 
1385 1307 1190 
1411 1408 1410 
1306 1449 1309 
1305 1418 1416 
1141 1280 1312 
1666 1413 1338 
1314 1312 1189 
1311 1312 1316 
1281 1527 1315 
1424 1513 1458 
1315 1314 1189 
1530 1446 1529 
1067 1315 1189 
1528 1509 1527 
919 1310 1443 
1312 1314 1316 
1528 1183 1059 
1315 1317 1281 
1319 1318 1147 
1307 1306 1283 
678 1339 1071 
1307 1320 1190 
1319 1339 1320 
678 1340 1339 
1515 1151 1468 
1322 1321 1285 
1322 1192 1145 
1323 1322 1285 
1323 1285 1515 
1195 1323 1194 
406 1324 1195 
1148 1286 1324 
1326 1325 729 
1325 1288 1348 
729 726 1327 
1326 492 1217 
492 1327 938 
729 1327 1326 
1211 1328 1209 
1325 1328 1213 
1684 1495 1460 
1387 1329 1348 
1265 1330 1243 
1247 1293 1330 
1353 642 639 
645 637 643 
1351 1332 1293 
1244 1332 1331 
1269 1376 1374 
1669 1333 1395 
1335 1176 1272 
1334 1303 1380 
1272 1374 1399 
1303 1334 1335 
1336 1380 1396 
1401 1396 1397 
1240 1337 1171 
1229 1304 1337 
1071 1339 1319 
1385 1338 1425 
678 370 1340 
1344 1340 692 
1320 1339 1340 
692 579 1342 
1345 1341 1347 
1343 694 1276 
1342 1341 1344 
1182 1411 1347 
1342 1343 1341 
1342 1344 692 
1344 1341 1345 
1341 1343 1347 
1320 1345 1665 
1308 1408 1182 
1385 1190 1666 
1182 1347 1343 
1347 1346 1665 
1325 1348 1289 
1387 1348 1288 
1524 1134 1587 
1217 492 916 
1136 1677 1196 
1676 1196 1452 
1293 559 1351 
1395 1302 1669 
1356 639 905 
645 1352 644 
1353 639 1356 
638 1354 651 
645 1354 637 
1435 1371 1501 
1500 1497 1361 
1664 1370 810 
1356 810 1359 
1390 1393 1389 
1367 1358 1365 
1365 1391 1367 
1373 1367 1366 
1370 1252 1364 
1365 1359 1357 
1359 1360 1356 
1360 1358 1394 
1362 1361 646 
647 817 1500 
647 1435 1501 
817 1499 1500 
1254 1364 1252 
1248 1363 1223 
1357 1370 1363 
1359 1370 1357 
1363 1389 1357 
1360 1365 1358 
1360 1394 644 
1457 1456 1372 
1391 1365 1357 
559 1368 1331 
559 1434 1368 
1496 98 1498 
1244 1331 1392 
1671 1672 1670 
810 1370 1359 
1363 1370 1364 
1671 1434 1369 
1392 1331 1368 
1432 1373 1457 
1394 1372 1371 
1670 1392 1368 
1371 1435 644 
1376 1269 1298 
1399 1374 1333 
1376 223 1375 
1302 1395 1375 
1376 1375 1395 
1397 1668 1235 
1397 1396 1377 
1335 1272 1399 
1396 1378 1377 
1337 1379 1171 
1380 1379 1304 
1334 1380 1304 
1396 1380 1303 
1438 1436 1439 
1438 1459 1398 
1514 1305 1416 
1417 1072 1415 
1469 1420 1384 
1420 1446 1422 
1588 1512 1422 
1512 1465 1514 
1427 1138 1448 
1665 1666 1190 
1288 1326 1217 
1448 1450 1386 
508 819 1430 
976 917 1350 
1329 1431 1429 
1390 1389 1222 
1391 1366 1367 
1242 1390 1222 
1244 1392 1393 
1357 1389 1391 
1391 1389 1393 
1672 1671 1674 
1393 1392 1366 
1393 1366 1391 
1244 1393 1390 
1457 1372 1432 
1331 1351 559 
1376 1395 1333 
1378 1396 1303 
1377 1668 1397 
1437 1439 1235 
1436 1401 1439 
1505 1404 1398 
1404 1505 1507 
1377 1399 1333 
1335 1399 1378 
1401 1400 1336 
1436 1400 1401 
1396 1401 1336 
1402 1400 1436 
1436 1398 1402 
1174 1228 1440 
1174 1403 1406 
1403 1174 1402 
1069 1525 1459 
1406 1403 1404 
1404 1403 1398 
1403 1402 1398 
1239 1407 1297 
1407 1230 1297 
1462 1441 1406 
1308 919 1443 
1408 1382 1410 
1443 1408 1308 
1444 1310 1282 
913 1415 1072 
1346 1410 1413 
1408 1411 1182 
1346 1411 1410 
1410 1382 1415 
1412 1414 1072 
1415 913 1413 
1413 1410 1415 
1426 913 676 
1445 1415 1382 
1469 1384 1313 
1416 1418 1420 
1418 1305 1282 
1529 1510 1421 
1420 1514 1416 
1316 1418 1282 
1420 1418 1384 
1420 1422 1514 
1530 1529 1421 
1469 1446 1420 
1383 1445 1382 
1415 1445 1417 
1412 1417 1447 
1423 1458 1447 
1305 1383 1409 
1447 1417 1445 
1409 1383 1382 
1512 1514 1422 
1424 1423 1383 
1338 1426 1425 
1425 1426 1427 
1338 1413 913 
1427 1426 676 
1451 1455 1468 
1427 1448 1425 
1451 1309 1449 
1431 1329 1387 
496 670 508 
1562 1557 1485 
1152 1677 1136 
979 670 671 
1349 979 816 
1394 1432 1372 
1367 1432 1358 
1433 641 977 
1456 1371 1372 
1392 1670 1366 
1366 1670 1373 
644 1435 645 
977 1502 1456 
1439 1401 1397 
1459 1381 1069 
1438 1398 1436 
1381 1438 1437 
1235 1439 1397 
1437 1438 1439 
1400 1440 1171 
1174 1440 1402 
1226 1442 1239 
1407 1441 1230 
1174 1406 1442 
1444 1443 1310 
1408 1443 1409 
1305 1409 1444 
1444 1409 1443 
1423 1447 1445 
1445 1383 1423 
1450 1448 1138 
1425 1448 1386 
1450 1449 1386 
1450 1138 1461 
1150 1455 1428 
1138 1428 1461 
1675 1151 839 
1702 1453 915 
1523 1477 1478 
1503 641 1463 
1529 1511 1510 
1217 1387 1288 
1506 1405 1507 
916 995 1484 
1419 1277 1465 
1196 978 1214 
1499 817 1504 
977 1456 1673 
817 1501 1503 
1412 1072 1417 
1461 1455 1451 
1692 1708 1704 
1515 1321 1151 
1607 1136 1431 
1513 1465 1277 
1455 1461 1428 
912 1470 1132 
1406 1404 1462 
1338 913 1426 
1680 1148 1681 
676 913 1414 
1702 1464 1453 
1431 996 1180 
1449 1461 1451 
1373 1670 1672 
1455 1150 1468 
1532 1588 1531 
996 1387 1217 
1194 1323 1515 
539 1472 993 
1460 1470 976 
1277 1447 1458 
1414 913 1072 
1471 1472 1473 
508 1473 496 
1134 1524 914 
1474 1535 1533 
1472 1476 941 
1471 1516 1517 
1471 1476 1472 
1477 1476 1475 
1478 1477 1475 
941 1477 940 
1479 1478 1475 
916 1523 995 
1481 1482 1586 
995 1479 939 
1521 1522 1474 
1479 1481 939 
1482 1481 1475 
1539 1593 1594 
1476 1482 1475 
1471 1517 1586 
1533 1540 1480 
1490 1483 1489 
996 1484 1180 
995 1483 1484 
1556 1592 1558 
1431 1180 1490 
1480 1594 1481 
1552 1555 1550 
1593 1487 939 
1570 1571 1486 
1560 1559 1554 
1611 1596 1612 
1486 1489 1487 
1490 1489 1488 
1490 1488 1608 
1483 1490 1180 
998 1600 1679 
976 1350 1492 
1350 1493 1684 
1679 1681 998 
1686 1549 1544 
536 1494 999 
1134 914 1494 
1460 1492 1684 
1134 1073 1495 
659 1497 1498 
1500 1361 1362 
1496 1498 1355 
1497 1355 1498 
98 813 1498 
1496 1499 997 
1500 1499 1355 
1497 1500 1355 
647 1500 1362 
1502 1371 1456 
977 1503 1502 
977 641 1503 
1371 1502 1501 
1503 1463 1504 
1501 1502 1503 
1499 1504 997 
1503 1504 817 
1459 1505 1398 
1069 0 1526 
1525 1507 1505 
1462 1404 1507 
1508 1313 1315 
1507 1405 1462 
1419 1465 1512 
1508 1511 1469 
1527 1508 1315 
1531 1530 1532 
1058 1510 1511 
1058 1511 1508 
1458 1513 1277 
1514 1513 1424 
1513 1514 1465 
1305 1514 1424 
1321 1515 1285 
1468 1467 1515 
1517 1516 1430 
1473 1516 1471 
1430 1519 1534 
1517 1480 1586 
914 1589 1521 
1534 1474 1533 
999 1519 819 
1474 1519 1518 
1687 1688 1690 
1536 1559 1560 
914 1521 1518 
1522 1521 1520 
1552 1550 1541 
1540 1533 1535 
1477 1523 940 
1523 1478 995 
1597 1548 1524 
1524 1548 1589 
1506 1525 1526 
1507 1525 1506 
1069 1526 1525 
1528 1527 1281 
1058 1527 1509 
1317 1528 1281 
1059 1509 1528 
1446 1469 1529 
1511 1529 1469 
1466 1 1532 
1422 1446 1531 
1446 1530 1531 
1466 1532 1530 
1 1419 1532 
1588 1419 1512 
1535 1474 1522 
1480 1517 1533 
1474 1534 1519 
1517 1534 1533 
1535 1522 1537 
1542 1540 1537 
1536 1537 1541 
1550 1536 1541 
1541 1537 1543 
1537 1536 1542 
1558 1685 1133 
1685 1686 1553 
1550 1559 1536 
1539 1605 1593 
1537 1540 1535 
1480 1540 1539 
1543 1537 1522 
1685 1553 1133 
1605 1536 1560 
1540 1542 1539 
1520 1545 1522 
1543 1522 1545 
1596 1579 915 
1554 1557 1563 
1520 1547 1545 
1541 1544 1552 
1547 1520 1548 
1563 1557 1562 
1520 1589 1548 
1133 1556 1558 
1597 1524 1598 
1051 1689 1691 
1557 1555 1485 
1690 1553 1686 
1543 1544 1541 
1569 1570 1554 
1687 1686 1544 
1552 1549 1558 
1557 1550 1555 
1485 1555 1558 
1544 1549 1552 
1687 1543 1545 
1556 1546 1592 
1488 1489 1571 
1585 1584 1583 
1558 1549 1685 
1557 1554 1559 
1558 1555 1552 
1557 1559 1550 
1570 1560 1554 
1593 1560 1486 
1542 1536 1605 
1551 1572 1567 
1563 1561 1566 
1562 1485 1592 
1563 1562 1561 
1561 1595 1572 
1554 1563 1569 
1581 1577 1582 
1576 1565 1568 
1568 1563 1566 
1568 1565 1569 
1592 1595 1561 
1566 1564 1568 
1561 1572 1566 
1572 1564 1566 
1575 1568 1564 
1576 1575 1578 
1568 1569 1563 
1570 1569 1565 
1565 1610 1571 
1570 1486 1560 
1486 1571 1489 
1565 1571 1570 
1561 1562 1592 
1582 1575 1564 
1705 1703 1707 
1578 1573 1579 
1610 1576 1574 
1577 1581 1712 
1575 1577 1578 
1575 1576 1568 
1610 1574 1609 
1708 1709 1716 
1577 1573 1578 
1718 1711 1717 
1576 1578 1574 
1596 915 1606 
1574 1578 1579 
1575 1582 1577 
1573 1710 1579 
1584 1572 1551 
1584 1564 1572 
1583 1713 1585 
1584 1551 1583 
1585 1581 1582 
1584 1585 1582 
1564 1584 1582 
1713 1583 1580 
1481 1586 1480 
1471 1586 1482 
1495 1587 1134 
1493 1524 1587 
1531 1588 1422 
1532 1419 1588 
1521 1589 1520 
1524 1589 914 
1597 1598 1590 
1601 1591 1599 
1547 1548 1604 
1548 1597 1599 
1546 1595 1592 
1558 1592 1485 
1487 1593 1486 
1594 939 1481 
1539 1594 1480 
939 1594 1593 
1546 1567 1595 
1572 1595 1567 
1607 1596 1152 
1612 1596 1607 
1598 1524 1493 
1599 1597 1590 
1683 1350 1682 
917 1181 1682 
1601 1590 1603 
1599 1591 1604 
1590 1598 1600 
1598 1493 1683 
1049 1602 1603 
1599 1590 1601 
1602 1051 1601 
1603 1600 998 
1602 1601 1603 
1599 1604 1548 
1688 1604 1591 
1542 1605 1539 
1560 1593 1605 
1606 915 1453 
1152 1596 1606 
1136 1607 1152 
1431 1490 1608 
1608 1488 1609 
1431 1608 1607 
1610 1609 1488 
1609 1574 1611 
1571 1610 1488 
1576 1610 1565 
1574 1579 1611 
1596 1611 1579 
1608 1612 1607 
1611 1612 1609 
21 1613 343 
176 1613 182 
366 182 1615 
390 163 1614 
1615 436 1621 
1615 1614 366 
1620 1616 390 
473 598 1694 
1693 163 1616 
1618 481 1619 
1693 1618 1617 
241 1618 505 
249 1619 481 
175 1619 291 
1621 1620 390 
1622 1620 393 
1621 390 1615 
1621 169 239 
497 1622 393 
1616 1622 473 
332 1623 192 
1623 228 272 
310 1624 313 
449 1624 391 
262 1625 261 
1625 227 302 
457 1626 375 
1627 1626 460 
371 1627 460 
1627 306 648 
1629 1628 267 
616 264 1628 
269 1629 267 
1630 420 745 
1628 1630 616 
420 1630 1629 
753 1631 219 
1631 752 1080 
786 1632 689 
860 1633 866 
1301 886 1634 
886 860 1635 
953 1635 848 
886 1635 1634 
888 1636 611 
847 1636 889 
594 1637 593 
1637 591 967 
1652 906 1048 
923 1652 1651 
1639 781 778 
1640 309 1116 
1640 1116 1112 
737 743 1701 
862 880 879 
879 951 8 
879 880 951 
1650 1644 1697 
867 517 1645 
1650 806 1649 
1697 516 1643 
1701 1645 517 
1647 1649 806 
1647 806 1041 
960 1647 1041 
1646 1649 1648 
308 1648 1020 
1648 308 1646 
1648 1649 1647 
1697 1695 1696 
1650 899 1644 
1652 923 1638 
1177 1651 812 
1652 1638 906 
812 1651 1652 
795 1653 1004 
1653 947 1008 
1102 1655 1095 
1095 1655 1654 
1088 1654 1655 
1656 1097 1220 
1660 1656 1107 
1220 1658 1656 
1220 1657 1658 
1164 1658 1657 
1106 1659 1108 
1108 1660 1109 
1656 1660 1659 
1184 1661 1064 
283 1661 1062 
1155 1154 1662 
1287 1663 795 
1211 1663 1213 
1255 1664 769 
1370 1664 1252 
1347 1665 1345 
1666 1665 1346 
1413 1666 1346 
1666 1338 1385 
1669 1668 1377 
1669 1667 1668 
1235 1668 1667 
1669 1377 1333 
1302 1667 1669 
1671 1670 1368 
1434 1671 1368 
1674 1673 1672 
1373 1672 1457 
1674 1671 1369 
1433 977 1673 
1369 1433 1674 
1673 1674 1433 
1309 1675 1070 
1468 1675 1451 
1453 1677 1152 
818 1452 1678 
1677 1678 1452 
1181 1193 1680 
1148 406 1681 
1181 1680 1679 
998 1681 1491 
1679 1680 1681 
1600 1598 1683 
917 1682 1350 
1350 1683 1493 
1600 1683 1682 
1350 1684 1492 
1587 1684 1493 
1686 1685 1549 
1687 1544 1543 
1547 1688 1687 
1545 1547 1687 
1547 1604 1688 
1687 1690 1686 
1553 1690 1538 
1538 1690 1689 
1591 1691 1688 
1689 1690 1688 
1051 1691 1591 
1689 1688 1691 
1705 1707 1702 
1692 1707 1708 
1618 1693 505 
163 1693 1617 
473 1694 1616 
505 1694 598 
743 1695 739 
1696 1695 900 
1696 900 742 
1650 1696 806 
516 1697 1644 
1642 1699 1641 
1698 1699 1700 
1700 1699 1018 
1700 1018 1701 
516 1700 1643 
1701 517 737 
1700 1701 739 
1703 1705 1706 
1464 1702 1388 
915 1706 1705 
1702 915 1705 
1692 1388 1707 
1703 1709 1708 
1706 915 1579 
1706 1579 1710 
1707 1388 1702 
1708 1707 1703 
1706 1710 1703 
1716 1709 1712 
1712 1573 1577 
1713 1711 1712 
1573 1709 1710 
1703 1710 1709 
1715 1718 2 
1708 1716 1704 
1712 1709 1573 
1713 1712 1581 
1585 1713 1581 
1717 1713 1580 
1716 1712 1711 
1716 1711 1718 
1718 1717 1714 
2 1718 1714 
1716 1715 1704 
1713 1717 1711 
1580 1714 1717 
1716 1718 1715 
1205 1720 1012 
1719 1207 1218 
1207 1720 1215 
