1721 2 
-4 -4 
4 -4 
4 4 
-4 4 
-1 -1 
1 -1 
1 1 
-1 1 
-4 0 
0 4 
0 0 
-1 0 
-5.733261e-001 -3.012920e-001 
-5.000000e-001 0 
-1.850000e-001 -1.475000e-001 
-2.500000e-001 -3.750000e-001 
-6.250000e-001 -1.250000e-001 
-1 5.000000e-001 
-1 -5.000000e-001 
0 -1 
-7.601687e-001 -3.444940e-001 
0 1 
-7.500000e-001 1.250000e-001 
-4.125000e-001 -2.125000e-001 
-1 -2.500000e-001 
-7.589286e-001 -3.571429e-002 
-8.953373e-001 -1.250000e-001 
1 0 
-5.119426e-001 -4.744426e-001 
-2.500000e-001 1.237924e-001 
1.093438e-002 -2.034813e-001 
-5.545597e-002 -3.867218e-001 
-1.148317e-001 -7.762324e-001 
-1.673465e+000 -1.250000e-001 
5.000000e-001 -7.516615e-002 
2.422680e-001 -8.901577e-002 
-1.616609e-001 -5.291185e-001 
-1 2.500000e-001 
9.218452e-002 -6.333950e-001 
-4.995435e-001 3.134130e-001 
-3.256503e-001 -3.776598e-002 
-5.000000e-001 -1 
-7.487685e-001 -6.247708e-001 
-9.062500e-001 1.250000e-001 
-7.812500e-001 3.750000e-001 
-1.371534e+000 1.250000e-001 
-1.371534e+000 -3.750000e-001 
-5.778399e-001 1.568202e-001 
9.193564e-002 5.000000e-001 
2.433475e-001 -3.821918e-001 
5.000000e-001 -1 
-3.671254e-001 -6.960491e-001 
-2.500000e-001 -1 
-6.736846e-001 -4.813466e-001 
-8.374454e-001 -4.880075e-001 
-1 -7.500000e-001 
-1.788802e+000 -8.132276e-001 
-1.248850e+000 -1.250000e-001 
-1.164739e+000 1.250000e-001 
-1.268136e+000 3.941082e-001 
-1.164739e+000 -3.750000e-001 
-1.268136e+000 -6.441082e-001 
-2.536230e-002 2.631156e-001 
3.531289e-001 2.529711e-001 
1.709457e-001 -2.358684e-001 
9.515319e-002 -4.640982e-001 
3.793562e-001 -2.351010e-001 
1 -5.000000e-001 
4.545045e-001 -4.410136e-001 
2.999690e-001 -5.873473e-001 
5.657891e-001 -7.133008e-001 
5.631715e-001 -2.482885e-001 
2.500000e-001 -1 
7.563342e-001 -7.971764e-002 
7.275278e-001 -4.679582e-001 
-3.437847e-001 -5.226748e-001 
-5.584186e-001 -6.629356e-001 
-6.874247e-001 -8.125888e-001 
-4.878383e-001 -8.242975e-001 
-7.500000e-001 -1 
-8.593398e-001 -8.593398e-001 
-2.720676e-001 -8.339614e-001 
8.512316e-001 -8.512316e-001 
-1 7.500000e-001 
-1.093031e+000 -1.250000e-001 
-1.461157e+000 -7.408406e-002 
-1.529268e+000 -2.581743e-001 
-1.960119e+000 -5.800339e-001 
-1.635043e+000 -5.658849e-001 
-1.533482e+000 -4.287610e-001 
-1.775107e+000 -3.559743e-001 
-1.105613e+000 3.750000e-001 
-1.253707e+000 7.500000e-001 
-1.932240e+000 4.948534e-001 
-1.204342e+000 -8.750000e-001 
-1.500083e+000 -8.324528e-001 
-1.342904e+000 -7.890251e-001 
-1.451525e+000 -1.636910e+000 
0 -4 
-1.171440e+000 -1.050736e+000 
-1.389328e+000 -1.022244e+000 
-1.914992e+000 -1.201789e+000 
-1.517817e+000 -1.244068e+000 
-1.105613e+000 -6.250000e-001 
-9.440650e-002 1.236801e-001 
-2.382927e-001 5.160356e-001 
1.654399e-001 3.161195e-001 
2.016101e-001 1.131264e-001 
3.824755e-001 6.916869e-002 
1 5.000000e-001 
6.879506e-002 -8.209307e-001 
1 -2.500000e-001 
1.220073e+000 -1.576147e+000 
5.817999e-001 -5.478724e-001 
7.565512e-001 -2.749227e-001 
8.897965e-001 -3.750000e-001 
-8.851891e-001 -1.338409e+000 
-1.394852e+000 -1.934551e+000 
-8.449446e-001 5.174406e-001 
-6.051125e-001 5.056012e-001 
-4.208747e-001 4.817144e-001 
-2.962355e-001 3.214687e-001 
-1.799709e+000 -5.240742e-001 
-4.813579e-001 7.376633e-001 
-5.000000e-001 1 
-1.182172e+000 5.688612e-001 
-1.611256e+000 3.715243e-001 
-2.396971e+000 -3.089818e-002 
-1.269089e+000 -1.282739e+000 
-2.013113e+000 -1.516011e+000 
-1.316324e+000 -1.482480e+000 
-1.019736e+000 -1.248330e+000 
-2.802003e+000 2.095309e+000 
-1.187597e+000 1.157501e+000 
1.098024e+000 8.750000e-001 
-1.745844e+000 -1.178457e+000 
-9.985714e-001 1.192174e+000 
-1.218552e+000 1.003064e+000 
-6.367556e-001 8.472485e-001 
7.869943e-001 -6.831439e-001 
-8.750000e-001 1.339358e+000 
-9.490442e-001 -1.487202e+000 
-1.272223e+000 -1.657487e+000 
-1.136432e+000 -1.776370e+000 
-1.903650e+000 -1.377762e+000 
-7.667526e-002 4.360076e-001 
6.301941e-001 3.671397e-002 
3.750000e-001 -8.204182e-001 
9.060219e-001 -1.250000e-001 
6.800443e-001 -1.319685e+000 
7.500000e-001 -1 
1 -7.500000e-001 
-1.124580e+000 -1.409254e+000 
-1.514362e+000 -1.445499e+000 
-1.729766e+000 -1.348448e+000 
-8.750000e-001 -1.134884e+000 
-7.299285e-001 -1.292461e+000 
-1.101433e+000 -1.593751e+000 
-7.500000e-001 1 
-7.169660e-001 6.748431e-001 
-1.126853e+000 8.750000e-001 
-1.400159e+000 1.279225e+000 
-1.376047e+000 1.001021e+000 
-2.894302e-001 1.474180e+000 
-1.638603e+000 -7.351353e-001 
-2.160987e+000 -9.071282e-001 
-1.658358e+000 -1.031823e+000 
-1.434482e+000 3.036041e-001 
-2.120437e+000 -2.592398e-001 
2.500000e-001 1.290854e+000 
-8.193379e-001 1.167160e+000 
-1.141251e+000 1.437430e+000 
-5.145717e-001 1.360770e+000 
-6.920144e-001 1.303412e+000 
-5.536495e-001 1.178512e+000 
-7.140782e-001 1.674819e+000 
-3.750000e-001 8.770520e-001 
-7.511190e-001 1.486260e+000 
-9.667997e-001 1.626546e+000 
-1.241292e+000 1.310192e+000 
-1.965512e+000 1.090079e+000 
-1.612242e+000 7.305838e-001 
-2.500000e-001 1 
-2.936569e-001 6.994181e-001 
-1.994000e+000 -7.844509e-001 
-1.967454e+000 -9.955733e-001 
-1.969204e+000 -3.841173e-001 
-1.907857e+000 -1.558078e-001 
-1.828380e+000 1.465683e-001 
-2.123942e+000 1.813498e-002 
-1.806375e+000 -2.084850e-002 
-1.601236e+000 1.086918e-001 
3.750000e-001 -1.673465e+000 
-1.379842e+000 -1.175863e+000 
-6.250000e-001 -1.138340e+000 
-2.849774e-001 -1.482614e+000 
-3.787611e-001 -1.235191e+000 
1.322195e+000 -1.272152e+000 
1.442004e+000 -1.037368e+000 
1.624771e+000 -1.031203e+000 
2.044360e+000 -8.701497e-001 
1 2.500000e-001 
1.488110e+000 -1.208394e+000 
-8.750000e-001 8.750000e-001 
-9.802884e-001 1.463968e+000 
-1.097665e+000 2.364895e+000 
-1.660052e+000 1.116553e+000 
-1.437072e+000 8.159564e-001 
-1.600085e+000 9.280356e-001 
-1.427956e+000 5.748564e-001 
-1.855693e+000 8.446732e-001 
-1.605997e+000 5.510699e-001 
-1.808131e+000 -9.729799e-001 
-2.239686e+000 -1.220371e-001 
-2.563844e+000 -5.001712e-001 
-2.359929e+000 -3.469687e-001 
-2.176580e+000 -4.919029e-001 
-2.184520e+000 -7.001065e-001 
-2.368231e+000 -5.888476e-001 
-2.202170e+000 2.657224e+000 
-2.531919e+000 -1.629292e+000 
-2.360212e+000 -8.249267e-001 
-2.658769e+000 2.005558e+000 
-4 -2 
-2.908926e+000 2.337130e+000 
-2.145254e+000 -1.157126e+000 
-2.553749e+000 1.829756e+000 
-2.329429e+000 3.776709e-001 
3.750000e-001 -1.325132e+000 
-6.159298e-001 -1.641369e+000 
-9.523657e-002 -1.269209e+000 
1.408790e+000 -1.629673e+000 
1.783993e+000 -1.610458e+000 
6.706409e-001 1.419709e+000 
1.665454e+000 -1.209142e+000 
2.500000e-001 1 
1.476561e+000 -1.952208e+000 
-3.143444e+000 7.837315e-001 
1.797625e+000 -1.090894e+000 
4.418233e-001 1.415664e+000 
1.454620e+000 1.447111e+000 
-4.482799e-001 2.048454e+000 
1 7.500000e-001 
6.814966e-001 3.750000e-001 
8.256844e-001 1.250000e-001 
8.345434e-001 2.966896e-001 
6.726377e-001 2.033104e-001 
1.087494e+000 -8.750000e-001 
1.594146e+000 -1.793402e+000 
-9.032192e-001 1.979354e+000 
-1.488502e+000 1.131422e+000 
-1.805093e+000 1.014592e+000 
-1.798947e+000 6.489714e-001 
-2.617152e+000 -2.169085e-001 
-4.179599e-001 -2.661225e+000 
-2.088319e+000 -1.337381e+000 
-6.352105e-001 -2.357429e+000 
-2.283029e+000 -1.524504e+000 
-1.700717e+000 1.948152e+000 
-2.290585e+000 1.613821e-001 
-2.055897e+000 2.658475e-001 
-2.614247e+000 2.148882e-001 
-2.461926e+000 1.306111e-001 
-2.634156e+000 -8.859848e-004 
-3.205467e+000 1.606347e-001 
-2.981091e+000 -1.368752e-001 
-2.786961e+000 -1.215944e-001 
-2.906176e+000 1.521658e-001 
-2.834030e+000 -4.043708e-001 
-2.746188e+000 1.182568e-001 
-2.280517e+000 8.018384e-001 
3.750000e-001 -1.138537e+000 
1.445800e-001 -1.220780e+000 
8.359987e-002 -1.536805e+000 
4.916082e-002 -1.366264e+000 
-9.698593e-002 -1.484524e+000 
-1.961278e-001 -1.989992e+000 
-7.628308e-002 -1.751042e+000 
-5.146412e-001 -1.428181e+000 
-5.345521e-001 -1.269832e+000 
-7.489132e-001 -1.491741e+000 
-1.250000e-001 -1.107229e+000 
-2.458911e-001 -1.326313e+000 
2 -4 
-6.082983e-001 -2.629871e+000 
1.412171e+000 -1.433541e+000 
6.250000e-001 1.210412e+000 
1.782349e+000 -8.146360e-001 
5.000000e-001 1 
7.671620e-001 6.250000e-001 
1.595618e+000 -1.604952e+000 
-8.671893e-001 1.790728e+000 
-1.447980e+000 1.895394e+000 
-2.520623e+000 -3.453900e-001 
-7.891189e-001 -2.697070e+000 
-1.356725e+000 2.283162e+000 
-1.631066e+000 2.113527e+000 
1.234652e+000 3.750000e-001 
-1.990170e+000 1.145906e-001 
-1.882442e+000 3.200751e-001 
-2.137129e+000 4.575997e-001 
-2.072888e+000 6.863407e-001 
-2.304812e+000 5.897362e-001 
-2.086566e+000 9.061261e-001 
1.579506e+000 1.264508e+000 
2.199834e-001 -2.449411e+000 
-2.924614e-001 -2.516724e+000 
-4.906557e-001 2.469091e+000 
-4 2 
-2 4 
-1.842586e+000 1.447189e+000 
3.282629e-001 -2.142572e+000 
-2.618824e+000 7.527624e-001 
-1.962824e+000 1.288866e+000 
-1.773289e+000 1.269742e+000 
-2.864038e+000 7.612360e-001 
-1.591011e+000 1.443180e+000 
9.551883e-001 -2.399608e+000 
-3.588390e-001 -1.758856e+000 
-4.320185e-001 -1.591293e+000 
2.060749e-001 -2.042186e+000 
1.573263e-001 -1.758604e+000 
3.499269e-002 -1.925615e+000 
3.284085e-001 -1.875176e+000 
7.171448e-001 -2.288230e+000 
7.513125e-001 -1.866622e+000 
4.844437e-001 -2.117779e+000 
5.387811e-001 -1.817531e+000 
4.644963e-001 -1.959128e+000 
7.284472e-001 -1.481007e+000 
5.720550e-001 -1.614574e+000 
7.570146e-001 -1.672799e+000 
5.431857e-001 -1.422429e+000 
1.157751e+000 -1.781584e+000 
1.647015e+000 -2.029791e+000 
1.008945e+000 -1.537250e+000 
9.443219e-001 -1.775305e+000 
5.363436e-001 -1.231835e+000 
9.785229e-001 -2.097224e+000 
1.046660e+000 -1.927209e+000 
1.826565e+000 -2.050970e+000 
1.296110e+000 -2.002317e+000 
1.014786e+000 1.350897e+000 
-3.546831e-002 7.373529e-001 
-8.525552e-001 -1.647182e+000 
2.170329e-001 6.714476e-001 
1.184601e+000 1.363162e+000 
8.324932e-001 4.673386e-001 
4.219369e-001 6.036182e-001 
2.827370e-001 4.696393e-001 
1.305103e+000 -8.680772e-001 
1.646539e+000 -1.385476e+000 
1.009461e+000 -1.268542e+000 
-1.239655e+000 1.703223e+000 
-1.362148e+000 1.507214e+000 
-1.077241e+000 1.848360e+000 
-1.441693e+000 1.693205e+000 
-1.773395e+000 1.784083e+000 
-1.593563e+000 1.789675e+000 
-2.460739e+000 2.057707e+000 
-1.678160e+000 1.615795e+000 
-1.142495e+000 2.116135e+000 
-1.260335e+000 1.889808e+000 
-1.348678e+000 2.076646e+000 
-2.970335e+000 2.079955e+000 
-5.405685e-001 -2.812120e+000 
-3.224573e-001 1.224260e+000 
-2.992622e+000 1.280526e+000 
-5.422994e-002 2.571229e+000 
1.949531e+000 -1.354840e+000 
2.631708e+000 -1.741202e+000 
-1.599051e-001 -2.366534e+000 
-7.043735e-001 -2.174938e+000 
-2.154644e-001 -1.830765e+000 
-2.205230e-001 -1.647843e+000 
1.416226e-001 -2.829869e+000 
6.951019e-001 -2.074255e+000 
8.301078e-001 -2.168471e+000 
-3.344236e-001 2.325083e+000 
2.470362e+000 -1.183297e+000 
8.435170e-001 -2.003009e+000 
-8.584518e-002 2.150136e+000 
1.179448e+000 -1.378059e+000 
1.734168e+000 1.404569e+000 
5.885410e-001 1.617567e+000 
4.239593e-001 1.187509e+000 
-3.945700e-001 2.847927e+000 
4.202676e-001 1.585588e+000 
-8.568996e-001 -2.516077e+000 
9.933690e-001 1.855746e+000 
-4.389955e-002 1.417037e+000 
-1.951342e+000 1.619626e+000 
-2.435771e+000 9.161449e-001 
2.817036e-001 1.686279e+000 
3.713473e-001 8.171552e-001 
1.299207e+000 1.470763e+000 
1.522517e+000 -8.795923e-001 
1.153000e+000 1.150727e+000 
1.829235e+000 -1.870195e+000 
1.221798e+000 1.607584e+000 
8.510531e-001 1.304211e+000 
1.540486e+000 2.098367e+000 
9.763730e-001 1.177001e+000 
7.500000e-001 1 
9.851535e-001 1.518557e+000 
1.442427e+000 1.872142e+000 
4 0 
5.989687e-001 5.429562e-001 
5.875799e-001 7.797274e-001 
4.907299e-001 3.855176e-001 
7.728257e-001 8.131519e-001 
8.900429e-001 -1.402667e+000 
8.048657e-001 -1.206604e+000 
-1.122756e+000 1.595389e+000 
-9.643045e-001 2.150172e+000 
-4.736021e-001 2.229318e+000 
-7.285044e-001 2.248961e+000 
-2.168792e-002 -2.221538e+000 
-1.006593e+000 -2.393829e+000 
-5.099486e-001 -2.207776e+000 
-2.750910e+000 4.826818e-001 
-5.696196e-001 2.701694e+000 
1.891155e+000 -9.471704e-001 
1.538701e+000 1.059880e+000 
1.868846e+000 1.100427e+000 
1.751275e+000 1.230255e+000 
-2.313006e+000 1.838294e+000 
-2.130487e+000 1.191721e+000 
-2.077190e+000 1.844145e+000 
1.374365e+000 1.226366e+000 
-2.850778e-001 2.163508e+000 
1.592417e+000 -6.070443e-001 
-2.610338e+000 9.979765e-001 
-2.324243e+000 1.194342e+000 
-1.563853e-001 -2.805993e+000 
1.130740e+000 -6.250000e-001 
1.250000e-001 1.145427e+000 
2.078226e+000 -1.128397e+000 
-2.223456e+000 1.482096e+000 
-2.204070e+000 1.993770e+000 
-2.737194e+000 8.796124e-001 
-2.263366e+000 1.002436e+000 
-2.787439e-001 2.484587e+000 
-2.157742e-001 2.660215e+000 
1.630768e+000 1.664855e+000 
1.805418e-001 2.251214e+000 
-5.141784e-002 -2.062454e+000 
-5.545751e-002 2.755657e+000 
-1.932487e+000 1.777725e+000 
-2.191088e+000 1.679589e+000 
2.610241e-001 -2.285701e+000 
1.945683e+000 -2.186975e+000 
1.109037e+000 -1.130596e+000 
1.146880e+000 -2.046147e+000 
1.673465e+000 6.250000e-001 
1.231022e+000 -3.750000e-001 
-1.878636e+000 1.971502e+000 
2.380996e-001 -2.651441e+000 
-2.976548e+000 1.008942e+000 
1.349721e-001 -2.186188e+000 
7.128673e-002 -2.529252e+000 
-5.456074e-001 -1.827519e+000 
5.815036e-001 2.038935e+000 
2.018997e+000 -1.534854e+000 
-4.752851e-001 -2.013669e+000 
3.791177e-001 -2.505639e+000 
1.950548e+000 -1.715256e+000 
1.455187e+000 -2.225208e+000 
1.126547e+000 -2.200344e+000 
6.250000e-001 -8.777859e-001 
1.347880e+000 -1.816138e+000 
1.311621e+000 -6.250000e-001 
9.354250e-001 1.688463e+000 
2.733501e-002 1.871122e+000 
-5.931802e-001 2.341306e+000 
8.573082e-001 1.991637e+000 
1.276464e+000 -1.100392e+000 
-2.721975e-001 2.950154e+000 
7.203681e-001 1.856632e+000 
8.913208e-001 2.180905e+000 
-8.437777e-001 -1.833801e+000 
-6.204432e-001 1.987519e+000 
-2.440299e+000 7.126983e-001 
7.912554e-001 1.585720e+000 
-4.001825e-001 2.688572e+000 
5.063389e-001 -2.331956e+000 
7.110701e-001 2.165223e+000 
1.278270e-001 8.463287e-001 
5.616416e-001 2.267240e+000 
-2.677369e+000 2.209492e+000 
-2.745224e+000 6.472404e-001 
1.138537e+000 6.250000e-001 
2.022868e+000 2.549802e+000 
3.335653e-002 2.408922e+000 
-1.145089e+000 2.613173e+000 
4.762070e-001 1.835390e+000 
2.006579e+000 1.343307e+000 
2.570700e-001 1.919824e+000 
3.621997e-001 2.134872e+000 
7.832729e-001 2.379076e+000 
3.186462e-001 2.416932e+000 
4.055698e-001 2.285962e+000 
5.625996e-001 2.540869e+000 
6.317596e-001 2.403810e+000 
-6.082608e-001 2.145608e+000 
-2.921812e-001 1.953657e+000 
-4.846320e-001 -2.481822e+000 
-9.701724e-001 -2.084504e+000 
2.296639e+000 1.329902e+000 
1.494270e+000 8.118184e-001 
-3.290559e-001 -2.080243e+000 
-2.794026e+000 1.812515e+000 
-2.788866e+000 1.156317e+000 
-2.561283e+000 1.233101e+000 
-2.414358e+000 1.387432e+000 
-2.424426e+000 1.626518e+000 
-4 1 
-3.398661e+000 6.678095e-001 
-5.523801e-001 2.870762e+000 
-9.037871e-001 2.336533e+000 
-6.774558e-001 2.570345e+000 
-7.537127e-001 2.417712e+000 
-9.112693e-001 2.591794e+000 
-7.754365e-001 2.787384e+000 
-7.247961e-001 3.372359e+000 
-1.471497e+000 3.332500e+000 
-7.101120e-001 2.952680e+000 
-1.603385e+000 2.396964e+000 
-3.154773e-001 -2.240339e+000 
1.073700e-001 2.059785e+000 
5.083217e-001 -2.603931e+000 
1.585605e-001 3.034103e+000 
1.325132e+000 6.250000e-001 
1.255812e+000 8.933463e-001 
1.357045e+000 1.044920e+000 
1.510739e+000 1.250000e-001 
2.728705e+000 9.220601e-001 
1.422302e+000 1.664650e+000 
1.606361e+000 1.504478e+000 
1.928511e+000 1.632454e+000 
1.739595e+000 1.952942e+000 
2.333771e+000 -1.757474e+000 
1.805390e+000 -1.442905e+000 
1.926894e+000 -1.192183e+000 
2.438370e+000 -2.110415e+000 
1.441100e+000 -4.452641e-001 
1.858181e+000 -2.068130e-001 
1.421885e+000 -1.535334e-001 
1.677888e+000 -3.754461e-001 
1.843397e+000 -5.680977e-001 
1.642830e+000 -1.572676e-001 
1.524962e+000 -2.932423e-001 
1.858422e+000 -3.877677e-001 
2.255701e+000 -5.116602e-001 
2.104698e+000 -2.969622e-001 
1.534376e+000 -3.597965e-002 
1.790422e+000 8.384071e-002 
1.458537e+000 -7.179459e-001 
1.631213e+000 -7.622318e-001 
-2 -4 
2.030011e-001 2.665159e+000 
1.611638e+000 1.836680e+000 
1.771070e+000 1.569909e+000 
2.142856e+000 -1.730036e+000 
1.801731e+000 -1.286329e+000 
2.136623e+000 -1.386053e+000 
1.257885e+000 5.222330e-002 
1.938749e+000 -7.225367e-001 
2.143942e+000 -6.873157e-001 
2.234612e+000 -8.552356e-001 
2.044151e+000 -5.004445e-001 
2.234954e+000 -1.036778e+000 
2.234984e+000 -1.216692e+000 
2.723833e+000 -9.450850e-001 
2.299174e+000 -3.206329e-001 
2.517010e+000 -1.368778e+000 
1.281347e+000 -2.253931e-001 
2.169293e+000 -2.162901e+000 
-5.000000e-001 4 
2.616186e+000 -2.212128e+000 
-1.024119e+000 3.423146e+000 
-3.311701e-001 3.700736e+000 
1.710674e+000 -2.461222e+000 
-8.673355e-001 3.290355e+000 
-5.691073e-001 3.319414e+000 
2.758565e+000 2.470168e-003 
2.072202e+000 -3.693668e-003 
1.685907e+000 3.444709e-001 
7.468568e-001 -2.534798e+000 
5.980033e-001 -2.467283e+000 
1.881845e+000 6.992308e-001 
7.174990e-001 -2.879586e+000 
6.658994e-001 -2.701549e+000 
1.022815e+000 -2.731939e+000 
8.469395e-001 -2.686416e+000 
1.293946e+000 -2.172074e+000 
1.261503e+000 -2.489714e+000 
1.706175e+000 -2.279725e+000 
-1.161519e-001 1.975380e+000 
-1.428356e-001 2.333233e+000 
-5.362002e-002 2.975716e+000 
-8.120783e-002 3.490706e+000 
-1.118114e-002 3.236223e+000 
-5.939030e-001 3.506918e+000 
1.735458e-001 2.500384e+000 
3.806822e-001 2.596886e+000 
1.809391e+000 2.199572e+000 
2 4 
1.199544e-001 2.842304e+000 
-2.677749e+000 1.874951e+000 
-2.862541e+000 -9.136836e-001 
-2.561754e+000 -1.210453e+000 
-8.258325e-001 -2.325322e+000 
-4 2.500000e+000 
-2.997498e+000 8.500214e-001 
-3.364817e+000 1.122230e+000 
-3.154991e+000 4.702456e-001 
-1.205716e+000 2.255948e+000 
-1.270281e+000 2.460591e+000 
-1.503907e+000 2.779929e+000 
-1.345972e+000 2.650345e+000 
-1 4 
-1.533237e+000 2.583146e+000 
-1.307495e+000 2.858276e+000 
-9.471668e-001 2.950808e+000 
-1.855351e+000 2.731733e+000 
-1.741420e+000 2.555278e+000 
-1.675138e+000 2.723082e+000 
-1.991080e+000 2.519090e+000 
-1.742033e+000 3.210882e+000 
-1.754042e+000 2.960748e+000 
-1.013514e+000 2.762872e+000 
-1.230825e+000 3.159128e+000 
-1.144138e+000 2.861008e+000 
-1.456127e+000 2.945519e+000 
-1.523414e+000 2.246084e+000 
-2.393462e+000 2.384209e+000 
-5.721706e-001 -3.003963e+000 
-3.463463e-001 -2.942639e+000 
-1.158027e+000 -2.732035e+000 
-9.782954e-001 -2.664727e+000 
-1 -4 
-9.114563e-001 -2.843206e+000 
-7.616683e-001 -2.965489e+000 
-1.035084e+000 -3.147523e+000 
-7.144655e-001 -3.218909e+000 
-4.217730e-001 -3.330812e+000 
-6.187647e-001 -3.458265e+000 
-3.156143e-001 -2.784999e+000 
-4.477301e-002 -3.161515e+000 
-1.593671e-001 -3.002210e+000 
-3.026393e-001 -3.128680e+000 
3.118851e-002 -2.986005e+000 
5.000000e-001 -4 
2.645973e-001 -3.033971e+000 
1.633948e-001 -3.227471e+000 
5.158371e-001 -3.029499e+000 
4.852364e-001 -2.817189e+000 
3.128248e-001 -2.807142e+000 
-6.377294e-002 -3.582967e+000 
2.162217e+000 5.920417e-001 
2.186843e-003 -3.374786e+000 
1.708656e+000 1.040398e+000 
1.964780e+000 5.183802e-001 
-1.885715e-001 -3.304983e+000 
8.802078e-002 -3.516522e+000 
2.043275e+000 7.012016e-001 
1.891238e+000 9.411260e-001 
1.499298e+000 6.372913e-001 
1.745362e+000 8.733139e-001 
2.072304e+000 1.145542e+000 
2.031417e+000 8.622067e-001 
2.503088e+000 -1.559527e+000 
2.441209e+000 -2.318651e+000 
2.275311e+000 -2.293046e+000 
2.700899e+000 -1.303081e+000 
4 -2 
-3.897867e-001 3.379554e+000 
2.761128e+000 -1.555802e+000 
1.393618e+000 -2.383289e+000 
2.325781e+000 -1.372015e+000 
2.470884e+000 -9.455618e-001 
1.887413e+000 -2.502750e+000 
2.282209e+000 -1.972632e+000 
1.562990e+000 -2.333911e+000 
1.653330e+000 -2.737014e+000 
-8.174235e-001 3.508235e+000 
-1.318000e+000 3.291848e+000 
-8.298289e-001 3.102378e+000 
-7.500000e-001 4 
-5.133784e-001 3.138674e+000 
1.404822e+000 -2.869654e+000 
2.688875e+000 -1.956331e+000 
2.266681e+000 -1.041614e-001 
2.750905e+000 -2.366451e+000 
2.139738e+000 -2.841084e+000 
2.485944e+000 7.222321e-002 
2.597584e+000 -1.064708e+000 
2.134988e+000 -2.385171e+000 
2.245115e+000 -1.566499e+000 
2.061065e+000 -1.965753e+000 
1.965211e+000 1.491956e-001 
2.483240e+000 -1.907051e+000 
-1.046994e+000 3.218961e+000 
1.346263e+000 2.208090e-001 
1.455186e+000 4.171429e-001 
1.170605e+000 2.054364e-001 
1.539361e+000 2.817960e-001 
1.602199e+000 4.812986e-001 
1.159543e+000 -1.250000e-001 
-1.507815e+000 3.665308e+000 
2.459420e+000 -2.079273e-001 
1.905655e+000 -4.252058e-002 
2.020570e+000 3.274024e-001 
1.128690e+000 -2.375500e+000 
1.530494e+000 -2.483517e+000 
-2.449707e-001 3.187425e+000 
-1.535607e-001 3.333920e+000 
-3.642565e-001 3.080916e+000 
-1.104182e+000 3.034290e+000 
-1.260367e+000 3.439809e+000 
-1.441677e+000 3.139888e+000 
-1.099994e+000 3.614083e+000 
-2.923856e+000 -5.617385e-001 
1.249245e+000 2.365773e+000 
1.363000e+000 2.582381e+000 
1.536000e+000 2.637141e+000 
1.389467e+000 2.226190e+000 
6.289788e-001 3.050659e+000 
1.656024e+000 2.773235e+000 
-2.773727e+000 -6.632010e-001 
-2.475718e+000 -1.414807e+000 
-2.296428e+000 -1.303995e+000 
-2.819608e+000 -1.439303e+000 
-2.643503e+000 -1.485447e+000 
-2.799495e+000 -1.721656e+000 
-3.209696e+000 2.273030e+000 
-3.346743e+000 8.924131e-001 
-3.170263e+000 9.780513e-001 
-3.667342e+000 9.828187e-001 
-3.170239e+000 1.181438e+000 
-3.337598e+000 1.690169e+000 
-3.344837e+000 1.405894e+000 
-3.490371e+000 9.967365e-001 
-3.227495e+000 6.298718e-001 
-3.015851e+000 6.220762e-001 
-2.028338e+000 2.692511e+000 
-2.207597e+000 3.129770e+000 
-2.159740e+000 2.894015e+000 
-1.977670e+000 3.053710e+000 
-2.744327e+000 2.898081e+000 
-1.977285e+000 2.869633e+000 
-2.452533e+000 2.824283e+000 
-2.290936e+000 2.795327e+000 
-1.877892e+000 2.256994e+000 
-1.772281e+000 2.389036e+000 
-1.627158e+000 3.080011e+000 
-2.497658e+000 2.235497e+000 
-2.283577e+000 2.196357e+000 
-2.071190e+000 2.162816e+000 
-2.171023e+000 2.388261e+000 
-2.038843e+000 2.002815e+000 
-2.009712e+000 2.355555e+000 
-2.664527e+000 2.506651e+000 
-2.125191e+000 -2.247373e+000 
-7.979423e-001 -2.014123e+000 
-6.366779e-001 -1.968280e+000 
-1.010133e+000 -1.907144e+000 
-1.193881e+000 -2.041726e+000 
-1.516442e+000 -2.404565e+000 
-1.112889e+000 -2.224507e+000 
-1.355627e+000 -2.222732e+000 
-1.260041e+000 -2.469299e+000 
-6.998191e-001 -2.501361e+000 
-6.966103e-001 -2.823223e+000 
1 -4 
1.855632e+000 3.828570e-001 
1.865462e+000 -2.335436e+000 
-1.500000e+000 4 
-1.426729e+000 3.505771e+000 
-1.300030e+000 3.670542e+000 
-1.408016e+000 3.830415e+000 
-1.250000e+000 4 
-4.241274e-001 3.551761e+000 
-5.231490e-001 3.717038e+000 
-7.049842e-001 3.622832e+000 
-9.300308e-001 3.764252e+000 
-1.150872e+000 3.816419e+000 
-9.417985e-001 3.606303e+000 
1.687293e+000 2.424939e+000 
4.056234e-001 2.884588e+000 
1.044620e+000 2.413508e+000 
1.185506e+000 2.537421e+000 
-3.013682e+000 -7.191063e-001 
9.973817e-001 2.893262e+000 
1.350861e+000 2.921391e+000 
-3.021274e+000 -4.018113e-001 
-3.134248e+000 -9.687468e-001 
-2.720993e+000 -5.144751e-001 
-3.378284e+000 -4.066692e-001 
-2.612800e+000 -8.612481e-001 
-2.531286e+000 -6.884428e-001 
-3.165967e+000 -5.278606e-001 
-3.044051e+000 2.233476e+000 
-3.098029e+000 1.541839e+000 
-2.510405e+000 -1.787625e+000 
-3.659375e+000 1.543752e+000 
-1.795879e+000 2.114033e+000 
-2.744670e+000 2.361258e+000 
-2.137025e+000 -1.871291e+000 
-1.453550e+000 -2.695607e+000 
-1.100849e+000 -2.540602e+000 
9.586685e-001 -3.414600e+000 
1.085418e-001 -3.770009e+000 
2.261020e+000 8.066232e-001 
2.459007e+000 5.854238e-001 
2.377544e+000 9.641978e-001 
-5.921580e-001 -3.729807e+000 
2.500000e+000 4 
2.574024e+000 1.231865e+000 
2.312047e+000 6.530907e-001 
2.091768e+000 -2.613603e+000 
1.890827e+000 -2.740244e+000 
2.430882e+000 -2.660891e+000 
2.308139e+000 -2.495982e+000 
1.765182e+000 -3.245692e+000 
2.252791e+000 -2.698446e+000 
2.393861e+000 -2.926377e+000 
1.768820e+000 -2.978256e+000 
2.596732e+000 -6.128424e-001 
2.490919e+000 -4.229853e-001 
2.846047e+000 -3.494767e-001 
2.648576e+000 -2.900580e-001 
2.703768e+000 -4.644784e-001 
2.790434e+000 -1.764542e-001 
2.614256e+000 -1.102119e-001 
2.871392e+000 -6.982024e-001 
3.284339e+000 -1.131520e-001 
3.024275e+000 -4.250351e-002 
3.413854e+000 -8.688400e-001 
1.399867e+000 -2.654522e+000 
1.207677e+000 -2.675388e+000 
-1.698654e+000 3.476096e+000 
3.712519e-002 3.386392e+000 
-3.169282e+000 -2.870914e-001 
1.023400e+000 2.622553e+000 
1.226802e+000 2.747227e+000 
-3.013934e+000 -1.218509e+000 
-4 -1 
1.503296e+000 2.458653e+000 
1.566948e+000 2.282755e+000 
5.000000e-001 4 
1.220797e+000 2.122770e+000 
1.065336e+000 2.204412e+000 
1.068687e+000 2.021960e+000 
1.218261e+000 1.854011e+000 
1.320285e+000 1.987440e+000 
-3.012051e+000 -8.738284e-001 
-3.256161e+000 -7.559337e-001 
-3.193527e+000 -6.372564e-002 
-3.563904e+000 -1.073556e+000 
-3.041413e+000 3.298816e-002 
-3.592068e+000 2.756375e-002 
-3.364200e+000 -9.591520e-001 
-3.379754e+000 3.886207e-002 
-4 -5.000000e-001 
-3.320696e+000 -1.266598e+000 
-3.468131e+000 3.509632e-001 
-3.474340e+000 -1.842181e-001 
-3.545906e+000 -8.734691e-001 
-3.440393e+000 -7.176728e-001 
-3.623070e+000 -3.804053e-001 
-3.254921e+000 -1.100490e+000 
-3.369810e+000 2.102411e-001 
-3.524060e+000 -5.448841e-001 
-3.306057e+000 -1.889391e-001 
-3.334796e+000 -5.770576e-001 
-4 -1.500000e+000 
-3.634193e+000 -1.344661e-001 
-3.794680e+000 -6.250822e-003 
-3.739318e+000 1.599816e-001 
-4 -2.500000e-001 
-3.767394e+000 -5.793219e-001 
-3.627595e+000 -7.045178e-001 
-4 -7.500000e-001 
-3.721545e+000 -9.585224e-001 
-3.641218e+000 -1.264722e+000 
-3.788469e+000 -4.122150e-001 
-2.702965e+000 -1.052762e+000 
-2.880133e+000 -1.094954e+000 
-2.461433e+000 -1.017455e+000 
-2.399181e+000 -1.172387e+000 
-3.261161e+000 1.545993e+000 
-3.162778e+000 1.367377e+000 
-2.798016e+000 1.510941e+000 
-2.820947e+000 1.332920e+000 
-2.612651e+000 1.429107e+000 
-2.632337e+000 1.636986e+000 
-3.089079e+000 1.823924e+000 
-4 1.500000e+000 
-3.450922e+000 1.270830e+000 
-2.143364e+000 -1.669831e+000 
-2.350958e+000 -1.777193e+000 
-2.350431e+000 -2.066233e+000 
-2.286813e+000 -1.921597e+000 
-1.296003e+000 -2.634435e+000 
7.794541e-001 -3.173522e+000 
2.500000e-001 -4 
4.636775e-001 -3.613685e+000 
2.305184e+000 3.452916e-001 
2.173403e+000 1.810070e-001 
2.347097e+000 1.766742e-001 
2.563642e+000 3.200183e-001 
3.768888e+000 -2.212367e+000 
3.074247e+000 1.091514e+000 
2.925531e+000 3.583053e+000 
2.178066e+000 2.590921e+000 
3.267939e+000 1.567168e-001 
2.151401e+000 -3.227553e+000 
2.912663e+000 -2.863398e+000 
1.589200e+000 -2.915980e+000 
1.414548e+000 -3.221020e+000 
1.459033e+000 -3.043971e+000 
1.122932e+000 -3.052906e+000 
1.594180e+000 -3.172040e+000 
1.164268e+000 -2.863914e+000 
1.574387e+000 -3.453336e+000 
1.960383e+000 -2.926176e+000 
2.121891e+000 -3.035033e+000 
1.938831e+000 -3.132394e+000 
2.416101e+000 -7.346808e-001 
2.597091e+000 -8.031381e-001 
3.096725e+000 -2.897935e-001 
3.262301e+000 -7.864272e-001 
-1.632589e+000 3.329136e+000 
-1.750000e+000 4 
-2.013333e+000 3.391410e+000 
-2.051308e+000 3.216667e+000 
1.891400e+000 2.389761e+000 
2.562944e+000 2.348324e+000 
1.998628e+000 2.230749e+000 
1.993251e+000 1.976094e+000 
7.870014e-001 2.615549e+000 
9.008774e-001 2.495487e+000 
9.013967e-001 2.747432e+000 
6.604006e-001 2.840917e+000 
5.185425e-001 2.721192e+000 
1.309133e+000 3.236848e+000 
9.934442e-001 3.196919e+000 
-3.157105e+000 -1.605237e+000 
-3.569859e+000 2.045007e-001 
-3.889634e+000 2.500000e-001 
-3.815597e+000 -1.969808e-001 
-4 -1.250000e+000 
-3.876303e+000 -8.750000e-001 
-2.279710e+000 -1.040094e+000 
-2.956184e+000 1.447140e+000 
-3.205414e+000 2.033430e+000 
-3.397196e+000 2.149841e+000 
-3.269250e+000 1.860931e+000 
-3.591682e+000 1.890925e+000 
-4 3 
-3.174810e+000 1.685459e+000 
-2.946965e+000 1.678230e+000 
-2.938026e+000 1.909419e+000 
-2.596614e+000 -1.922162e+000 
-2.725776e+000 -2.763567e+000 
6.808039e-001 -3.040818e+000 
2.589978e-001 -3.630255e+000 
3.771012e-001 -3.816690e+000 
3.431688e-001 -3.397538e+000 
1.828949e-001 -3.386908e+000 
6.140257e-001 -3.388194e+000 
2.157341e+000 4.244240e-001 
2.443541e+000 4.259975e-001 
2.652623e+000 1.560385e-001 
2.935011e+000 2.375218e-001 
-1.060938e+000 -3.809924e+000 
2.063647e+000 3.593540e+000 
2.182672e+000 9.849977e-001 
2.644907e+000 -2.826060e+000 
1.945829e+000 -3.603160e+000 
1.262580e+000 -3.496722e+000 
2.411551e+000 -5.687615e-001 
2.957160e+000 -1.964245e-001 
3.017261e+000 -5.123169e-001 
2.853552e+000 -5.340265e-001 
3.032213e+000 -1.051019e+000 
2.931043e+000 -9.013934e-001 
2.871943e+000 -1.134306e+000 
-1.677808e+000 3.645916e+000 
-1.836829e+000 3.362541e+000 
1.858391e+000 2.052514e+000 
1.879653e+000 1.819577e+000 
2.556977e+000 1.043010e+000 
2.313889e+000 2.505309e+000 
2.277882e+000 2.846644e+000 
-5.000000e-001 -4 
3.817336e+000 3.750000e-001 
2.811110e+000 1.115267e+000 
8.159314e-001 2.950520e+000 
1 4 
4.213449e-001 3.093870e+000 
2.500000e-001 4 
1.170699e+000 2.950334e+000 
8.014604e-001 3.148088e+000 
5.804548e-001 3.337952e+000 
8.458050e-001 3.375557e+000 
1.121422e+000 3.453018e+000 
6.988189e-001 3.457737e+000 
1.143455e+000 3.744877e+000 
9.532172e-001 3.522443e+000 
1.500000e+000 4 
1.000756e+000 3.353291e+000 
-2.954655e+000 -1.590816e+000 
-3.068697e+000 -1.418101e+000 
-3.255882e+000 -1.444121e+000 
-3.573679e+000 -1.459556e+000 
-3.734802e+000 6.732892e-001 
-3.516381e+000 2.036864e+000 
-3.762221e+000 2.071317e+000 
-3.548159e+000 2.583903e+000 
-4 2.250000e+000 
-3.418051e+000 2.385871e+000 
-3.134924e+000 2.659872e+000 
-3.696336e+000 2.344793e+000 
-3.233293e+000 2.478238e+000 
-3.035841e+000 2.488756e+000 
-3.348163e+000 2.657903e+000 
-2.885423e+000 2.690099e+000 
-3.621368e+000 2.182057e+000 
-3.566731e+000 2.429944e+000 
-3.362715e+000 3.420382e+000 
-3.586728e+000 2.995397e+000 
-3.244104e+000 2.936211e+000 
-3.512504e+000 2.794799e+000 
-3.419300e+000 2.943316e+000 
-3.754129e+000 2.536118e+000 
-3.656931e+000 2.710754e+000 
-4 2.750000e+000 
-3.468598e+000 1.551275e+000 
-3.515247e+000 1.726497e+000 
-2.676220e+000 -2.340558e+000 
3.931492e-001 -3.196463e+000 
5.795201e-001 -3.204853e+000 
7.670622e-001 -3.653101e+000 
5.950646e-001 -3.789682e+000 
7.500000e-001 -4 
7.900720e-001 -3.352780e+000 
4 5.000000e-001 
2.907416e+000 7.448499e-002 
4 1 
2.490751e+000 -2.804564e+000 
1.500000e+000 -4 
2.809834e+000 -2.622069e+000 
1.788283e+000 -3.458397e+000 
1.998377e+000 -3.387861e+000 
2.250000e+000 -4 
3 -4 
2.500000e+000 -4 
2.132008e+000 -3.643958e+000 
2.016571e+000 -3.795621e+000 
1.750000e+000 -4 
2.212486e+000 -3.439052e+000 
1.743464e+000 -3.665284e+000 
2.483026e+000 -3.246343e+000 
2.313914e+000 -3.295186e+000 
2.468002e+000 -3.511507e+000 
1.407617e+000 -3.396933e+000 
-4 -3.750000e+000 
3.414268e+000 -1.147963e+000 
2.907385e+000 -1.341284e+000 
3.864847e+000 -2.351534e+000 
2.759575e+000 6.893847e-001 
2.451393e-001 3.261021e+000 
4.198501e-001 3.268745e+000 
3.225505e-001 3.489802e+000 
1.448346e-001 3.534710e+000 
-1.260733e-002 3.740889e+000 
-3.872393e+000 2.375000e+000 
-2.685390e+000 2.706247e+000 
-3.032593e+000 2.860040e+000 
-3 4 
-2.904148e+000 2.997935e+000 
-3.435281e+000 3.187101e+000 
-2.601440e+000 3.304606e+000 
-2.718433e+000 3.117353e+000 
-3.131282e+000 3.220464e+000 
-4 3.500000e+000 
-2.566300e+000 2.988222e+000 
-2.365959e+000 3.005806e+000 
-2.404232e+000 3.217833e+000 
-3.290549e+000 3.270007e+000 
-3.087736e+000 3.038664e+000 
-2.913102e+000 3.215977e+000 
-3.751962e+000 3.281607e+000 
-2.227973e+000 3.347838e+000 
-3.014556e+000 3.589507e+000 
-3.612419e+000 3.171367e+000 
-3.565576e+000 3.374099e+000 
-3.801622e+000 3.075308e+000 
-3.500000e+000 4 
-3.757042e+000 3.525888e+000 
-2.250000e+000 3.896584e+000 
-3.018704e+000 3.387837e+000 
-2.798378e+000 3.404845e+000 
-3.182387e+000 3.492081e+000 
-3.250000e+000 4 
-3.337966e+000 3.620755e+000 
-3.461617e+000 3.792162e+000 
-3.903780e+000 3.750000e+000 
-2.150610e+000 3.517199e+000 
-1.946175e+000 3.602505e+000 
-2.500000e+000 4 
-3.551065e+000 3.589055e+000 
-3.750000e+000 4 
-1.998109e+000 3.797864e+000 
-2.449542e+000 3.382341e+000 
-2.627898e+000 3.496204e+000 
-2.398777e+000 3.658478e+000 
-3.682419e+000 3.768153e+000 
-3.832608e+000 2.694165e+000 
-3.761556e+000 2.880220e+000 
-2.391569e+000 -2.347994e+000 
-2.562071e+000 -2.145505e+000 
-2.893569e+000 -2.082433e+000 
-2.739027e+000 -2.172874e+000 
-2.943542e+000 -2.345081e+000 
6.251064e-001 -3.558451e+000 
8.750000e-001 -3.832279e+000 
1.149719e+000 -3.757976e+000 
2.554852e+000 8.041845e-001 
2.657817e+000 4.778759e-001 
4 2 
2.984443e+000 8.376050e-001 
3.179580e+000 1.520409e-002 
2.452698e+000 3.352693e+000 
2.788697e+000 -2.773647e+000 
4 -1.500000e+000 
2.609316e+000 -2.533694e+000 
1.461965e+000 -3.716431e+000 
2.742496e+000 -3.104966e+000 
2.305667e+000 -3.100329e+000 
3.111994e+000 -8.880585e-001 
3.090129e+000 -6.937583e-001 
3.288506e+000 -5.314639e-001 
3.289018e+000 -9.879038e-001 
3.141759e+000 -1.194627e+000 
3.776833e+000 -5.688863e-002 
3.158846e+000 -4.374271e-001 
4 -1 
3.585621e+000 -8.848389e-001 
2.634282e+000 3.469287e+000 
2.017758e+000 3.839736e+000 
7.580473e-001 3.802811e+000 
5.258100e-001 3.651255e+000 
-2.500000e-001 4 
-1.626526e-001 3.647535e+000 
-1.733244e-001 3.831946e+000 
1.250000e+000 4 
-2.176622e+000 3.713096e+000 
-3.875000e+000 3.904593e+000 
-2.323605e+000 3.501923e+000 
-2.420735e+000 3.837732e+000 
-2.750000e+000 4 
-2.288015e+000 -2.219230e+000 
-2.539816e+000 -2.570945e+000 
-2.791447e+000 -1.916408e+000 
-3.038876e+000 -1.836734e+000 
-2.806549e+000 -2.539697e+000 
-2.750000e+000 -4 
-3.201776e+000 -3.123979e+000 
-2.890220e+000 -2.696392e+000 
-3.041210e+000 -2.539607e+000 
-3.193701e+000 -3.483410e+000 
-2.753708e+000 -3.534116e+000 
-3.226456e+000 -2.324816e+000 
1.079066e+000 -3.572449e+000 
9.383739e-001 -3.672002e+000 
1.250000e+000 -4 
2.438279e+000 2.820514e+000 
3.406253e+000 6.343007e-002 
3.121385e+000 -2.415643e+000 
2.375000e+000 -3.762894e+000 
1.625000e+000 -3.838899e+000 
1.588955e+000 -3.615128e+000 
1.296414e+000 -3.666343e+000 
2.765443e+000 -2.940411e+000 
2.572072e+000 -3.008071e+000 
2.731417e+000 -3.393425e+000 
3.384901e+000 -1.795500e+000 
3.394945e+000 -6.712323e-001 
3.453931e+000 -3.206392e-001 
3.553541e+000 -1.132801e-001 
4 -5.000000e-001 
4 -2.500000e-001 
2.256358e+000 3.553777e+000 
7.957495e-001 3.609092e+000 
9.450715e-001 3.739801e+000 
4.928415e-001 3.484088e+000 
7.500000e-001 4 
3.473200e-001 3.793530e+000 
1.580981e-001 3.830511e+000 
-3.750000e-001 3.873264e+000 
1.125000e+000 3.902393e+000 
1.375000e+000 3.797988e+000 
1.301723e+000 3.586168e+000 
1.750000e+000 3.705627e+000 
1.291609e+000 3.411215e+000 
1.648852e+000 3.359055e+000 
1.485219e+000 3.487791e+000 
1.475644e+000 3.307259e+000 
1.661446e+000 3.543425e+000 
1.642133e+000 3.066019e+000 
2.075750e+000 3.422509e+000 
1.551843e+000 3.708537e+000 
1.881849e+000 3.528370e+000 
2.148222e+000 2.748675e+000 
1.931889e+000 3.703256e+000 
-2.582066e+000 3.674382e+000 
-2.812975e+000 3.606625e+000 
-2.535688e+000 -2.412928e+000 
-2.113901e+000 -3.168208e+000 
-2.107233e+000 -2.697821e+000 
-3.382720e+000 -1.866401e+000 
-3.386544e+000 -1.635063e+000 
-2.935515e+000 -3.482421e+000 
-2.876439e+000 -3.314293e+000 
-3.059008e+000 -3.353943e+000 
-2.885314e+000 -2.919248e+000 
-3 -4 
-2.676920e+000 -2.973219e+000 
-2.566969e+000 -2.837078e+000 
-2.392189e+000 -2.845761e+000 
-2.824958e+000 -3.115514e+000 
-4 -3 
-2.499622e+000 -3.305828e+000 
-2.694711e+000 -3.749369e+000 
-2.635351e+000 -3.164620e+000 
-2.897694e+000 -3.656567e+000 
-3.012169e+000 -3.173085e+000 
-2.410278e+000 -3.084114e+000 
-2.299399e+000 -3.257653e+000 
-2.472978e+000 -3.723890e+000 
-2.080392e+000 -3.474771e+000 
-2.353353e+000 -3.473577e+000 
-2.220241e+000 -2.978673e+000 
-2.500000e+000 -4 
-2.228801e+000 -2.812067e+000 
-2.313485e+000 -2.600153e+000 
-2.127036e+000 -2.473028e+000 
-2.577108e+000 -3.466745e+000 
-1.808348e+000 -2.558222e+000 
-1.926579e+000 -2.361832e+000 
-1.983197e+000 -2.573625e+000 
-1.720284e+000 -2.371421e+000 
-1.807332e+000 -2.020262e+000 
-1.816096e+000 -2.208803e+000 
-1.883970e+000 -1.757423e+000 
-1.783202e+000 -1.561859e+000 
-1.583120e+000 -2.125158e+000 
-1.652152e+000 -1.753129e+000 
-1.431799e+000 -2.086340e+000 
-1.766017e+000 -1.865623e+000 
-1.491731e+000 -1.798781e+000 
-2.570388e+000 -3.853734e+000 
-3.074196e+000 -2.184144e+000 
-3.298899e+000 -2.093669e+000 
-3.131742e+000 -2.002793e+000 
-3.656059e+000 -2.096305e+000 
-3.477954e+000 -2.030617e+000 
-3.658125e+000 -1.816407e+000 
-3.483478e+000 -2.289936e+000 
-3.504322e+000 -1.752710e+000 
1.375000e+000 -3.872431e+000 
1.125000e+000 -3.910006e+000 
2.926926e+000 -2.460473e+000 
4 -3 
2.306706e+000 -3.594731e+000 
2.199686e+000 -3.821972e+000 
2.651033e+000 -3.245895e+000 
2.728487e+000 -3.739739e+000 
3.237878e+000 -3.118511e+000 
3.328911e+000 -1.468526e+000 
3.276410e+000 -2.926853e-001 
3.699161e+000 -5.915812e-001 
3.725110e+000 -3.223629e-001 
1.535945e+000 2.914259e+000 
2.006995e+000 2.936609e+000 
1.889627e+000 3.206939e+000 
1.920412e+000 3.368494e+000 
-3.216828e+000 -1.781677e+000 
-2.697633e+000 -3.333303e+000 
-2.250000e+000 -3.885090e+000 
-1.961749e+000 -1.922694e+000 
-2.096679e+000 -2.058249e+000 
-1.601632e+000 -1.943991e+000 
-2.875000e+000 -3.850282e+000 
-3.802627e+000 -1.957431e+000 
-3.889673e+000 -1.723693e+000 
-3.711919e+000 -1.615260e+000 
-3.760386e+000 -1.433010e+000 
-4 -2.500000e+000 
-3.403467e+000 -2.664755e+000 
-3.155050e+000 -2.813705e+000 
3.485431e+000 -3.030097e+000 
3.503292e+000 -1.524886e+000 
3.330039e+000 -1.636614e+000 
3.077051e+000 -2.667502e+000 
3.505584e+000 -1.341637e+000 
3.115815e+000 -2.939268e+000 
2.975382e+000 -3.104513e+000 
2.859229e+000 -3.253891e+000 
3.034162e+000 -3.542433e+000 
2.904553e+000 -3.423712e+000 
2.790254e+000 -3.567092e+000 
3.043641e+000 -3.295632e+000 
2.547317e+000 -3.683747e+000 
3.298114e+000 -1.288680e+000 
3.115584e+000 -1.413401e+000 
3.164359e+000 -1.664984e+000 
3.567417e+000 -7.091825e-001 
3.588735e+000 -4.450776e-001 
3.825880e+000 -4.679357e-001 
3.841796e+000 -2.073212e-001 
1.798099e+000 2.926698e+000 
1.872318e+000 2.715489e+000 
1.813697e+000 2.548632e+000 
1.723593e+000 3.210746e+000 
2.158422e+000 3.162997e+000 
-2.408541e+000 -3.869574e+000 
-2.029982e+000 -3.735822e+000 
-2.264205e+000 -3.669922e+000 
-3.756237e+000 -2.359319e+000 
-3.247262e+000 -2.530038e+000 
-3.431167e+000 -2.474719e+000 
-3.397178e+000 -2.935897e+000 
-3.066812e+000 -2.985649e+000 
3.619967e+000 -2.006719e+000 
2.973272e+000 -1.571512e+000 
2.870348e+000 -1.792947e+000 
2.988904e+000 -2.107102e+000 
2.808378e+000 -2.180315e+000 
2.989883e+000 -2.289394e+000 
2.868315e+000 -1.973162e+000 
3.092682e+000 -1.892413e+000 
3.334161e+000 -2.141569e+000 
3.154242e+000 -2.197362e+000 
2.009890e+000 3.098510e+000 
2.398306e+000 1.160592e+000 
3.233222e+000 3.198974e-001 
-2.094862e+000 -3.876976e+000 
-9.264081e-001 -3.014402e+000 
-1.138487e+000 -2.952186e+000 
-4.807070e-001 -3.159903e+000 
-3.209933e-001 -3.760022e+000 
-1.323520e+000 -2.857667e+000 
-1.710161e+000 -3.034696e+000 
-1.385928e+000 -3.208208e+000 
-1.539141e+000 -2.897477e+000 
-1.301258e+000 -3.042456e+000 
-2.891755e-001 -3.462331e+000 
-4.565207e-001 -3.493067e+000 
-1.959758e+000 -2.957125e+000 
-1.878701e+000 -2.759705e+000 
-1.528818e+000 -3.085525e+000 
-1.716255e+000 -3.405343e+000 
-1.568961e+000 -3.276833e+000 
-1.810377e+000 -3.783534e+000 
-1.500000e+000 -4 
-1.717670e+000 -2.850154e+000 
-9.284119e-001 -3.443260e+000 
-1.238312e+000 -3.434972e+000 
-1.483674e+000 -3.523253e+000 
-3.637869e+000 -2.253818e+000 
-4 -2.250000e+000 
-3.840823e+000 -2.144524e+000 
-3.730296e+000 -2.685796e+000 
-3.572222e+000 -2.592317e+000 
-3.232788e+000 -2.960653e+000 
-3.314700e+000 -2.798340e+000 
-4 -3.500000e+000 
3.492549e+000 -2.610809e+000 
3.538359e+000 -2.800214e+000 
3.270702e+000 -3.427935e+000 
3.518164e+000 -1.707544e+000 
3.755845e+000 -1.596258e+000 
2.186020e+000 2.980700e+000 
3 4 
-1.889209e+000 -3.170466e+000 
-2.002980e+000 -3.311197e+000 
-1.722626e+000 -3.204204e+000 
-1.890075e+000 -3.573413e+000 
-1.877443e+000 -3.412558e+000 
-1.198446e+000 -3.247592e+000 
-3.909664e+000 -2.375000e+000 
-3.558595e+000 -2.803997e+000 
-3.768828e+000 -2.925576e+000 
-3.618634e+000 -3.451559e+000 
-3.595255e+000 -2.421344e+000 
-3.418981e+000 -3.154094e+000 
-3.585683e+000 -3.027248e+000 
-3.364607e+000 -3.358611e+000 
-3.360504e+000 -3.532415e+000 
-3.463030e+000 -3.672819e+000 
-3.500000e+000 -4 
-3.204900e+000 -3.753676e+000 
-3.048804e+000 -3.832213e+000 
3.275724e+000 -2.572643e+000 
3.344307e+000 -2.817997e+000 
3.422628e+000 -2.373059e+000 
3.262236e+000 -2.325232e+000 
4 -2.500000e+000 
3.535212e+000 -2.197384e+000 
4 -2.250000e+000 
3.676539e+000 -2.427542e+000 
3.463183e+000 -3.274957e+000 
3.826530e+000 -2.516177e+000 
3.300848e+000 -3.268284e+000 
4 -3.500000e+000 
3.447749e+000 -3.453119e+000 
3.500000e+000 -4 
3.724508e+000 -3.469097e+000 
3.731613e+000 -2.825228e+000 
3.718675e+000 -3.002280e+000 
3.710554e+000 -1.808986e+000 
3.809463e+000 -1.973915e+000 
4 -1.750000e+000 
4 -1.250000e+000 
2.237971e+000 3.331263e+000 
2.572190e+000 1.421478e+000 
2.472729e+000 3.117342e+000 
-1.397639e+000 -3.377260e+000 
-1.250000e+000 -4 
-1.750000e+000 -4 
-7.701587e-001 -3.379986e+000 
-3.614760e+000 -3.238425e+000 
-4 -3.250000e+000 
-3.804454e+000 -3.341579e+000 
-3.795061e+000 -3.132857e+000 
-3.212818e+000 -3.290134e+000 
-3.250000e+000 -4 
-3.077064e+000 -3.623608e+000 
3.183530e+000 -2.790962e+000 
3.328511e+000 -2.981506e+000 
3.692877e+000 -2.627936e+000 
3.495576e+000 -3.625434e+000 
4 -2.750000e+000 
3.908229e+000 -1.625000e+000 
3.662439e+000 -1.444262e+000 
3.844806e+000 -1.464130e+000 
3.729563e+000 -1.170486e+000 
2.375000e+000 3.778624e+000 
2.673281e+000 3.761500e+000 
2.250000e+000 4 
3.889844e+000 -1.125000e+000 
-1.086913e+000 -3.612017e+000 
-1.318037e+000 -3.598502e+000 
3.890301e+000 -2.875000e+000 
-3.793595e+000 -3.535201e+000 
2.908829e+000 4.873445e-001 
3.839318e+000 -1.296848e+000 
-3.376269e+000 -3.848302e+000 
-7.500000e-001 -4 
2.750000e+000 4 
3.888564e+000 -3.250000e+000 
3.750000e+000 -4 
4 -7.500000e-001 
3.795929e+000 -9.312002e-001 
3.247357e+000 -3.681288e+000 
2.759626e+000 3.152725e-001 
2.316782e+000 1.729645e+000 
2.099259e+000 1.779673e+000 
2.157729e+000 1.539229e+000 
2.977719e+000 1.491577e+000 
2.320994e+000 2.096558e+000 
2.187367e+000 1.954040e+000 
2.144879e+000 2.127782e+000 
2.266245e+000 2.300043e+000 
2.429145e+000 2.234765e+000 
2.703456e+000 1.908687e+000 
2.531992e+000 2.042864e+000 
2.386442e+000 1.912326e+000 
2.545172e+000 2.596184e+000 
2.387180e+000 2.658532e+000 
3.735973e+000 2.300781e+000 
2.876407e+000 2.495367e+000 
2.691410e+000 2.482102e+000 
2.805827e+000 2.858019e+000 
2.725832e+000 2.676996e+000 
2.622931e+000 2.830654e+000 
4 2.500000e-001 
3.057076e+000 3.765978e-001 
3.239570e+000 6.415757e-001 
2.933216e+000 9.985592e-001 
2.937262e+000 6.644984e-001 
-2.500000e-001 -4 
-2.282498e-001 -3.619389e+000 
-1.070442e-001 -3.800218e+000 
-4.669379e-001 -3.837910e+000 
-4.466616e-001 -3.655942e+000 
-7.813660e-001 -3.611272e+000 
-9.339419e-001 -3.692598e+000 
-7.753137e-001 -3.806413e+000 
-6.250000e-001 -3.891822e+000 
-3.633141e+000 -3.627107e+000 
-3.750000e+000 -4 
-3.601038e+000 -3.825860e+000 
3.036048e+000 -3.772633e+000 
2.750000e+000 -4 
3.250000e+000 -4 
3.191052e+000 -3.841122e+000 
3.870872e+000 -3.407722e+000 
3.860037e+000 -3.087448e+000 
3.675826e+000 -3.261675e+000 
3.811461e+000 -7.431789e-001 
2.384510e+000 1.525853e+000 
2.591712e+000 1.677506e+000 
2.958186e+000 1.275188e+000 
2.757655e+000 1.328456e+000 
3.287176e+000 1.354567e+000 
3.109229e+000 1.370630e+000 
3.221899e+000 1.625110e+000 
2.101894e+000 2.383351e+000 
3.230263e+000 8.934981e-001 
-3.794277e+000 -3.755103e+000 
-3.875000e+000 -3.896149e+000 
2.871276e+000 -3.858956e+000 
2.625000e+000 -3.879313e+000 
3.407564e+000 -3.813782e+000 
3.634216e+000 -3.804955e+000 
3.669535e+000 -3.634384e+000 
3.888463e+000 -3.768659e+000 
2.840302e+000 1.699944e+000 
2.741203e+000 1.527053e+000 
3.034197e+000 1.678321e+000 
3.247370e+000 2.072624e+000 
3.184743e+000 1.851707e+000 
4 1.500000e+000 
2.962320e+000 2.034096e+000 
2.954905e+000 1.847450e+000 
3.407927e+000 1.907772e+000 
3.113231e+000 1.991315e+000 
3.429215e+000 1.691216e+000 
3.577838e+000 1.809014e+000 
3.370322e+000 1.517775e+000 
4 2.500000e+000 
3.496305e+000 1.350811e+000 
3.387348e+000 1.108155e+000 
3.749798e+000 1.888983e+000 
3.459746e+000 2.118856e+000 
4 3 
3.606283e+000 1.996514e+000 
4 1.750000e+000 
3.272370e+000 2.468696e+000 
3.625276e+000 2.168191e+000 
4 2.250000e+000 
3.503356e+000 2.382486e+000 
3.825754e+000 2.113319e+000 
3.316255e+000 2.267101e+000 
3.063314e+000 2.317612e+000 
3.712624e+000 2.606294e+000 
3.657168e+000 2.448407e+000 
3.463844e+000 2.629171e+000 
3.621074e+000 2.974853e+000 
3.155401e+000 2.802727e+000 
3.602662e+000 2.774629e+000 
4 2.750000e+000 
3.385744e+000 2.895535e+000 
3.276888e+000 2.657773e+000 
3.065519e+000 2.604011e+000 
2.909338e+000 2.704090e+000 
3.807187e+000 2.856780e+000 
3.355762e+000 3.373254e+000 
3.160943e+000 3.121226e+000 
3.434912e+000 3.138421e+000 
3.225579e+000 2.960804e+000 
3.521395e+000 3.298325e+000 
3.292200e+000 3.221075e+000 
3.098345e+000 3.391407e+000 
4 3.500000e+000 
3.693667e+000 3.356389e+000 
3.662364e+000 3.164671e+000 
4 3.250000e+000 
3.814560e+000 3.048253e+000 
3.823752e+000 3.236735e+000 
2.544175e+000 1.843080e+000 
3.130516e+000 7.636799e-001 
3.849848e+000 -3.595145e+000 
3.226207e+000 1.186214e+000 
3.608724e+000 7.813469e-001 
3.703868e+000 1.111822e+000 
3.887145e+000 2.375000e+000 
2.816893e+000 2.245646e+000 
2.710225e+000 2.093982e+000 
3.882889e+000 2.625000e+000 
2.851595e+000 3.342642e+000 
3.439561e+000 9.051403e-001 
3.425360e+000 7.082578e-001 
3.609604e+000 9.600272e-001 
3.622548e+000 4.801122e-001 
3.812695e+000 8.696843e-001 
4 7.500000e-001 
3.791572e+000 6.388034e-001 
3.544759e+000 1.183264e+000 
2.966138e+000 2.192482e+000 
2.793183e+000 3.492181e+000 
2.651164e+000 3.248487e+000 
2.685660e+000 3.036286e+000 
2.925202e+000 3.068122e+000 
2.990381e+000 2.892125e+000 
3.012761e+000 3.229236e+000 
2.804333e+000 3.182842e+000 
-1.819393e-001 8.366535e-001 
-1.925839e-001 1.334239e+000 
-6.698165e-002 1.184008e+000 
-1.165225e-001 1.661060e+000 
-4.917570e-001 1.595658e+000 
-5.460745e-001 1.794881e+000 
-7.072853e-001 1.843319e+000 
8.794660e-002 1.589093e+000 
1.311656e-001 1.419430e+000 
1.306029e-001 1.745788e+000 
2.789348e-001 -1.499298e+000 
-2.040024e+000 1.457125e+000 
-2.542657e+000 4.201913e-001 
1.741835e-003 -2.704061e+000 
-1.117815e-001 -2.557659e+000 
-3.051913e+000 2.945210e-001 
-2.868714e+000 3.362949e-001 
-2.987137e+000 4.560918e-001 
-2.417990e+000 2.604918e+000 
-6.897024e-001 3.815926e+000 
-3.481266e+000 -1.318398e+000 
-3.820875e+000 -1.263840e+000 
-3.844683e+000 -1.087278e+000 
-2.756500e+000 -1.250717e+000 
9.331422e-001 -2.936008e+000 
9.525361e-001 -3.117038e+000 
-1.625000e+000 3.841084e+000 
-1.811925e+000 3.822672e+000 
-4 5.000000e-001 
-3.777400e+000 4.489087e-001 
-3.834572e+000 9.739638e-001 
-4 1.250000e+000 
-3.582182e+000 5.280809e-001 
-4 1.750000e+000 
-3.688702e+000 1.715090e+000 
-3.765768e+000 1.897155e+000 
-3.856411e+000 1.625000e+000 
-3.823202e+000 1.441881e+000 
1.188499e+000 -3.276154e+000 
1.024800e+000 -3.264393e+000 
1.162129e+000 3.131175e+000 
-4 3.250000e+000 
-3.889896e+000 3.375000e+000 
-3.042295e+000 3.795995e+000 
-2.743510e+000 3.797233e+000 
-2.893213e+000 3.871474e+000 
-3.169628e+000 3.673783e+000 
-3.280557e+000 3.819462e+000 
1.832044e+000 -3.830976e+000 
5.746066e-001 3.830194e+000 
1.446438e+000 3.094522e+000 
-1.611811e+000 -2.577490e+000 
3.276048e+000 -1.956294e+000 
3.444534e+000 -2.005198e+000 
-4 -2.750000e+000 
-3.848016e+000 -2.789865e+000 
-3.887263e+000 -2.625000e+000 
-1.676850e+000 -3.615958e+000 
-1.600691e+000 -3.813627e+000 
-1.435489e+000 -3.737434e+000 
-1.248706e+000 -3.776226e+000 
-1.375000e+000 -3.891504e+000 
3.578465e+000 -1.067535e+000 
2.199137e+000 3.825301e+000 
2.462570e+000 3.588693e+000 
2.528052e+000 3.838182e+000 
3.609296e+000 2.225124e-001 
3.632029e+000 4.621277e-002 
3.814995e+000 1.499475e-001 
3.444289e+000 3.601419e-001 
3.383963e+000 5.314342e-001 
3.081016e+000 5.554421e-001 
3.905733e+000 1.875000e+000 
3.767321e+000 1.625000e+000 
3.576045e+000 1.544639e+000 
3.764083e+000 1.364889e+000 
4 1.250000e+000 
3.846826e+000 1.493935e+000 
3.836514e+000 1.213957e+000 
3.250000e+000 4 
-3.229308e-001 1.736170e+000 
-1.761776e-001 1.818291e+000 
-3.606486e+000 1.162408e+000 
-3.610399e+000 1.365092e+000 
-3.809889e+000 1.176344e+000 
-4 7.500000e-001 
-3.892463e+000 6.250000e-001 
-3.840352e+000 8.051556e-001 
-3.564649e+000 7.983216e-001 
2.892628e+000 3.804053e+000 
3.237525e+000 3.742453e+000 
3.500000e+000 4 
3.054714e+000 3.715236e+000 
3.170369e+000 3.565965e+000 
3.125000e+000 3.876979e+000 
3.375000e+000 3.864870e+000 
3.474441e+000 3.614794e+000 
3.331264e+000 3.535217e+000 
3.752808e+000 3.628759e+000 
3.618971e+000 3.515214e+000 
3.827239e+000 3.469992e+000 
4 3.750000e+000 
3.750000e+000 4 
3.604703e+000 3.799602e+000 
3.907980e+000 3.625000e+000 
3.814859e+000 3.814859e+000 
1.750000e+000 4 
1.625000e+000 3.871892e+000 
