5738 3 
23 113 56 
50 19 28 
1778 1551 1629 
2620 2694 2504 
1639 1040 1145 
30 24 36 
10 2246 2163 
2368 2941 2369 
30 39 26 
1513 1065 1717 
81 100 6 
304 683 21 
2434 2331 2323 
1005 1007 1009 
1745 1223 1579 
2733 2716 2717 
2163 2678 10 
719 1224 1015 
6 66 84 
14 80 66 
150 146 69 
1157 1121 723 
970 7 919 
1274 1326 1275 
34 30 16 
16 38 55 
32 48 43 
49 39 27 
27 39 53 
40 60 63 
51 58 14 
58 31 14 
36 24 44 
691 696 300 
23 26 49 
26 24 30 
37 241 52 
22 44 45 
16 55 32 
39 49 26 
111 50 28 
113 494 56 
6 100 66 
28 112 111 
111 23 49 
335 494 310 
329 333 41 
110 66 100 
16 32 43 
116 45 46 
46 44 56 
241 37 47 
241 243 117 
39 34 53 
157 179 158 
65 95 31 
336 337 114 
36 16 30 
38 36 52 
31 58 61 
51 48 58 
58 48 54 
57 139 42 
53 34 48 
329 116 335 
84 96 6 
84 90 96 
52 36 37 
56 44 24 
61 33 31 
237 109 238 
34 43 48 
54 62 61 
78 61 59 
494 113 18 
67 40 63 
16 36 38 
56 24 23 
78 59 42 
52 241 119 
54 32 60 
43 34 16 
34 39 30 
76 75 67 
24 26 23 
50 49 27 
81 50 27 
66 51 14 
175 245 123 
47 37 22 
54 60 62 
116 46 335 
32 82 60 
45 44 46 
37 44 22 
35 70 67 
83 119 118 
310 324 332 
37 36 44 
114 22 45 
54 48 32 
501 500 29 
61 58 54 
74 75 76 
78 79 33 
68 62 40 
159 68 70 
67 70 40 
80 14 95 
65 31 33 
68 59 62 
61 62 59 
68 64 57 
73 57 64 
82 32 55 
33 79 125 
42 59 57 
60 40 62 
139 144 141 
35 153 159 
55 119 83 
467 459 253 
70 68 40 
51 53 48 
140 139 138 
59 68 57 
150 64 153 
35 160 153 
150 73 64 
35 67 75 
73 69 144 
74 120 122 
35 75 77 
76 67 63 
75 74 245 
83 63 82 
120 76 118 
122 123 245 
146 71 145 
78 42 143 
33 61 78 
101 93 94 
50 111 49 
6 96 89 
106 89 85 
50 81 19 
53 51 110 
83 82 55 
60 82 63 
38 119 55 
76 63 83 
66 80 84 
85 92 94 
33 125 65 
97 92 90 
106 85 102 
85 89 96 
90 92 85 
94 102 85 
84 80 90 
149 140 148 
80 95 97 
236 87 104 
97 90 80 
98 101 91 
125 127 65 
266 268 235 
91 94 92 
103 102 94 
31 95 14 
97 95 65 
85 96 90 
127 97 65 
92 97 91 
246 131 127 
131 133 98 
99 103 108 
106 105 88 
81 27 100 
110 27 53 
91 101 94 
134 98 133 
103 94 93 
109 236 99 
251 108 103 
99 102 103 
105 99 236 
105 106 102 
99 108 109 
105 104 88 
102 99 105 
88 89 106 
351 248 350 
108 251 107 
251 103 93 
108 107 109 
272 269 290 
236 237 87 
66 110 51 
27 110 100 
28 5 112 
352 517 249 
113 112 18 
23 111 113 
112 113 111 
684 662 656 
47 22 114 
176 201 964 
478 616 202 
47 305 243 
672 686 663 
340 47 114 
118 76 83 
299 118 117 
120 118 72 
52 119 38 
118 119 117 
301 302 72 
74 76 120 
118 299 72 
317 188 315 
72 122 120 
121 496 122 
188 165 175 
160 166 162 
163 77 175 
594 741 745 
137 125 79 
127 91 97 
172 156 152 
93 101 134 
137 246 125 
98 91 129 
143 139 140 
130 246 247 
91 127 129 
246 130 131 
98 129 131 
127 131 129 
248 130 247 
351 131 130 
254 142 257 
416 415 383 
250 134 133 
134 101 98 
133 350 352 
93 134 136 
358 360 362 
272 286 269 
133 352 250 
265 240 263 
149 79 140 
137 128 246 
71 146 167 
149 128 137 
73 139 57 
144 145 141 
140 138 148 
143 140 79 
156 157 152 
138 139 141 
141 156 138 
247 252 126 
78 143 79 
139 143 42 
73 144 139 
145 144 69 
146 145 69 
71 141 145 
69 73 150 
167 168 155 
170 171 178 
156 172 138 
172 148 138 
142 252 149 
149 137 79 
142 149 148 
64 159 153 
168 470 469 
217 174 207 
169 185 147 
141 157 156 
169 171 152 
160 35 77 
160 162 153 
146 150 154 
164 150 153 
168 146 154 
185 169 158 
157 141 71 
172 152 171 
71 167 173 
152 157 158 
71 173 179 
180 185 186 
68 159 64 
35 159 70 
163 160 77 
154 150 164 
165 161 163 
606 222 189 
160 163 166 
124 154 162 
77 245 175 
163 161 166 
153 162 164 
154 164 162 
176 262 708 
207 218 217 
475 161 474 
124 162 166 
168 167 146 
173 167 155 
124 470 154 
470 258 469 
178 171 183 
152 158 169 
198 197 208 
203 170 178 
183 169 147 
256 172 171 
170 467 256 
148 172 142 
195 205 151 
206 180 186 
223 1016 472 
593 224 212 
188 175 123 
163 175 165 
301 72 299 
321 177 322 
161 165 193 
206 192 180 
204 224 194 
183 208 178 
71 179 157 
186 179 173 
158 186 185 
198 180 199 
496 313 315 
444 535 454 
313 121 307 
475 124 166 
169 183 171 
208 183 147 
191 383 415 
126 356 248 
158 179 186 
185 180 198 
195 173 205 
186 173 195 
196 219 221 
226 231 211 
593 181 184 
122 302 121 
268 274 277 
550 436 551 
202 616 612 
193 165 319 
232 260 230 
317 319 188 
192 174 478 
189 220 606 
188 319 165 
474 193 182 
204 203 178 
364 358 362 
259 195 151 
196 207 192 
206 186 219 
759 328 761 
147 185 198 
203 204 194 
180 192 199 
197 198 200 
1014 616 174 
200 187 210 
198 199 200 
234 200 199 
41 338 116 
612 261 202 
226 181 212 
477 261 233 
178 208 204 
203 194 460 
210 197 200 
204 197 210 
173 155 205 
205 155 469 
219 186 195 
192 206 196 
151 469 258 
207 221 218 
198 208 147 
204 208 197 
681 242 305 
261 612 201 
213 210 187 
224 204 228 
232 187 233 
227 421 181 
226 228 213 
226 227 181 
231 232 230 
213 231 226 
219 195 259 
151 222 215 
161 193 474 
258 470 476 
221 214 218 
215 259 151 
741 217 218 
743 223 229 
741 218 214 
202 261 477 
206 219 196 
215 223 259 
476 189 258 
196 221 207 
221 259 472 
259 221 219 
229 215 222 
476 475 220 
177 321 751 
215 229 223 
228 204 210 
212 181 593 
458 592 429 
427 424 211 
226 211 227 
228 226 212 
424 427 428 
356 359 248 
224 228 212 
210 213 228 
222 151 258 
192 207 174 
213 232 231 
431 432 429 
232 213 187 
427 230 426 
200 234 187 
232 233 260 
477 478 202 
230 260 225 
477 234 199 
187 234 233 
268 270 274 
288 269 286 
236 109 237 
105 236 104 
291 272 290 
238 109 263 
305 47 340 
239 484 276 
263 109 107 
484 481 485 
251 480 107 
291 267 266 
242 21 303 
119 241 117 
176 261 201 
47 243 241 
299 243 242 
338 336 116 
682 304 684 
75 245 77 
122 245 74 
246 127 125 
247 246 128 
252 247 128 
248 247 126 
356 126 357 
248 359 350 
517 345 377 
249 518 354 
354 250 249 
136 134 250 
93 136 251 
251 136 480 
149 252 128 
256 257 172 
459 170 460 
126 252 254 
142 254 252 
253 459 357 
194 461 460 
356 255 360 
170 256 171 
257 256 253 
254 257 253 
172 257 142 
258 189 222 
176 225 260 
594 745 747 
214 472 1016 
261 176 260 
261 260 233 
209 430 429 
729 586 998 
107 480 265 
263 240 267 
355 136 354 
274 273 277 
107 265 263 
270 265 264 
268 266 240 
266 235 272 
263 267 238 
240 266 267 
270 240 265 
268 240 270 
277 280 279 
484 485 238 
271 264 355 
270 264 271 
517 132 345 
371 520 519 
235 279 293 
774 289 482 
280 282 278 
278 284 285 
270 271 274 
522 274 271 
277 279 235 
630 488 492 
291 276 484 
291 238 267 
277 273 280 
268 277 235 
520 406 413 
284 278 282 
292 279 278 
293 275 286 
547 282 280 
279 280 278 
388 390 381 
275 279 292 
547 280 273 
281 1021 284 
368 385 371 
412 439 549 
281 284 282 
284 283 778 
777 491 492 
482 289 86 
293 272 235 
275 292 489 
288 298 289 
296 86 295 
275 288 286 
775 294 296 
776 289 298 
238 291 484 
483 617 774 
290 276 291 
291 266 272 
481 484 239 
285 489 278 
275 489 488 
275 293 279 
272 293 286 
288 275 487 
289 295 86 
297 776 298 
775 776 618 
297 298 487 
489 492 488 
487 298 288 
775 296 776 
243 299 117 
301 299 303 
300 301 303 
302 307 121 
303 299 242 
301 300 307 
72 302 122 
307 302 301 
657 656 306 
45 336 114 
683 304 682 
304 681 662 
686 689 115 
695 694 308 
242 243 305 
306 662 681 
312 314 300 
188 496 315 
313 314 309 
596 322 177 
320 325 318 
5 2883 323 
41 116 329 
331 704 333 
662 684 304 
683 300 303 
326 320 2852 
314 313 307 
315 313 309 
300 314 307 
314 312 497 
317 315 318 
496 188 123 
318 309 320 
947 949 2857 
318 315 309 
318 327 317 
308 320 497 
320 309 497 
327 319 317 
182 193 319 
320 326 325 
177 751 757 
326 752 325 
325 752 327 
182 319 322 
321 322 319 
339 343 324 
750 761 757 
319 327 321 
511 333 332 
339 348 512 
323 18 112 
701 320 308 
112 5 323 
318 325 327 
758 20 750 
764 610 606 
597 608 604 
332 329 310 
2867 2860 2878 
364 345 358 
29 334 501 
516 330 500 
343 339 512 
324 310 18 
324 18 323 
332 333 329 
502 503 499 
311 658 657 
501 704 500 
494 335 46 
329 335 310 
116 336 45 
337 336 311 
337 311 657 
306 305 340 
506 338 41 
336 338 311 
114 337 340 
334 504 502 
306 340 337 
513 349 342 
2893 2866 2886 
349 512 342 
343 332 324 
2874 2873 2865 
324 323 339 
518 517 372 
500 511 516 
331 333 511 
2859 512 348 
344 29 330 
499 503 505 
29 500 330 
2858 513 342 
516 343 512 
517 518 249 
352 350 132 
351 133 131 
248 351 130 
133 351 350 
517 352 132 
250 352 249 
374 370 369 
135 518 515 
355 354 135 
250 354 136 
271 355 135 
355 264 480 
357 126 254 
360 359 356 
253 357 254 
255 356 357 
255 357 459 
359 345 132 
345 359 358 
350 359 132 
468 362 360 
358 359 360 
191 384 392 
365 364 363 
468 360 255 
379 364 361 
369 363 378 
377 366 353 
361 364 362 
363 366 365 
377 365 366 
364 365 345 
382 378 380 
366 363 369 
375 400 537 
353 366 370 
374 376 368 
353 370 371 
373 378 379 
369 382 374 
369 370 366 
371 370 368 
368 376 385 
408 523 522 
520 515 519 
354 518 135 
464 463 461 
380 367 382 
400 367 401 
370 374 368 
384 367 380 
406 409 404 
367 376 374 
386 385 376 
519 377 353 
377 372 517 
379 378 363 
378 373 380 
364 379 363 
361 463 466 
383 380 373 
380 383 392 
386 388 381 
390 404 381 
374 382 367 
378 382 369 
373 397 383 
421 416 391 
433 384 191 
367 384 401 
386 376 375 
385 381 409 
545 388 386 
381 385 386 
375 376 400 
439 412 389 
545 386 375 
402 395 390 
389 390 395 
405 410 396 
402 388 387 
405 404 390 
463 361 462 
181 421 184 
191 392 383 
384 380 392 
191 419 420 
553 403 551 
434 401 384 
538 434 435 
540 542 546 
412 407 411 
411 410 405 
523 413 414 
464 397 373 
397 391 416 
423 425 418 
433 420 399 
191 415 419 
435 434 399 
367 400 376 
537 400 394 
434 384 433 
400 401 394 
388 402 390 
453 402 387 
638 629 634 
402 453 395 
405 390 389 
406 404 396 
405 389 411 
396 404 405 
406 396 413 
409 406 371 
395 439 389 
437 1021 281 
396 442 413 
515 521 135 
385 409 371 
404 409 381 
407 437 410 
438 547 524 
412 411 389 
410 411 407 
440 441 721 
1024 1265 815 
442 396 410 
408 515 520 
410 437 438 
522 271 521 
383 397 416 
398 446 419 
421 391 465 
398 415 416 
398 418 425 
209 584 445 
423 418 227 
398 416 418 
398 419 415 
419 417 420 
456 448 450 
399 420 454 
227 418 421 
421 418 416 
423 227 424 
425 422 455 
424 227 211 
423 422 425 
230 427 231 
422 423 424 
430 445 455 
419 446 417 
426 451 432 
424 428 422 
231 427 211 
427 426 428 
431 428 426 
445 430 209 
230 451 426 
432 458 429 
422 428 430 
430 428 431 
432 431 426 
430 431 429 
525 534 708 
457 526 528 
420 433 191 
434 433 399 
435 399 535 
401 434 394 
573 575 577 
538 394 434 
388 545 387 
440 721 549 
1021 407 1020 
438 437 281 
281 282 547 
438 414 442 
440 395 453 
439 395 440 
550 441 436 
436 441 440 
722 814 824 
825 548 823 
438 442 410 
413 442 414 
450 585 443 
554 559 560 
456 420 417 
590 579 725 
583 447 449 
446 448 417 
398 425 446 
455 449 425 
582 732 731 
456 444 454 
446 425 449 
448 447 450 
447 448 449 
449 448 446 
585 450 447 
443 590 450 
230 225 451 
225 708 534 
528 962 705 
713 1555 1564 
544 543 551 
440 453 436 
454 420 456 
444 725 535 
430 455 422 
449 455 445 
448 456 417 
456 450 444 
432 451 534 
699 457 705 
432 534 526 
457 699 592 
170 203 460 
459 462 468 
461 194 593 
361 362 468 
184 421 465 
461 463 462 
459 460 462 
461 462 460 
465 461 593 
466 379 361 
397 464 391 
466 373 379 
391 464 465 
461 465 464 
463 464 466 
373 466 464 
256 467 253 
170 459 467 
459 468 255 
361 468 462 
205 469 151 
168 469 155 
154 470 168 
476 470 124 
746 771 1263 
532 714 715 
221 472 214 
259 223 472 
749 759 20 
598 602 608 
596 182 322 
474 182 596 
161 475 166 
220 475 474 
189 476 220 
124 475 476 
234 477 233 
478 477 199 
192 478 199 
616 478 174 
741 742 1014 
479 615 612 
355 480 136 
265 480 264 
485 87 237 
239 617 483 
617 276 774 
269 774 290 
289 269 288 
86 483 482 
87 485 481 
238 485 237 
553 563 403 
1237 884 1235 
488 487 275 
779 631 491 
488 620 621 
278 489 292 
492 489 285 
640 641 654 
626 622 620 
777 778 1019 
297 621 622 
777 492 285 
492 491 630 
41 499 505 
685 672 493 
56 494 46 
18 310 494 
689 674 680 
694 695 696 
122 496 123 
313 496 121 
314 497 309 
497 312 695 
2852 2855 2856 
701 2852 320 
331 511 500 
499 41 333 
349 344 330 
334 502 501 
501 502 704 
503 504 346 
704 502 499 
503 509 659 
338 506 311 
664 661 685 
502 504 503 
503 659 505 
508 509 507 
503 346 509 
661 508 665 
41 505 506 
506 659 658 
507 509 346 
659 509 508 
513 2858 347 
343 511 332 
349 516 512 
513 344 349 
344 513 347 
2869 2864 2867 
372 377 519 
371 519 353 
2858 342 2859 
516 511 343 
330 516 349 
515 518 372 
2890 2878 2888 
515 408 521 
345 365 377 
406 520 371 
372 519 515 
408 520 413 
522 521 408 
271 135 521 
524 522 523 
274 522 273 
413 523 408 
524 523 414 
438 524 414 
273 522 524 
530 529 525 
458 526 457 
432 526 458 
529 528 526 
969 968 533 
452 962 703 
529 526 525 
932 527 1560 
525 708 530 
529 530 968 
530 262 963 
968 531 529 
1570 1578 1568 
528 529 531 
710 709 964 
1603 1602 1601 
963 964 709 
969 720 968 
225 534 451 
526 534 525 
454 535 399 
393 435 535 
393 535 725 
562 567 568 
537 538 541 
375 537 540 
541 538 435 
394 538 537 
393 726 577 
546 539 543 
542 537 541 
546 542 539 
541 435 577 
542 541 539 
536 556 539 
537 542 540 
552 551 543 
453 544 436 
453 387 544 
540 544 387 
375 540 545 
387 545 540 
543 544 546 
540 546 544 
524 547 273 
281 547 438 
814 791 822 
783 1018 782 
440 549 439 
548 825 826 
436 544 551 
403 441 550 
552 543 556 
403 550 551 
555 559 554 
552 559 563 
551 552 553 
556 558 552 
1082 838 871 
552 558 559 
869 852 857 
824 814 822 
539 556 543 
558 556 536 
536 574 572 
570 561 562 
558 536 572 
559 558 557 
559 557 560 
559 555 563 
566 570 571 
560 557 562 
977 988 561 
554 560 568 
572 576 578 
562 561 567 
403 563 555 
552 563 553 
729 443 585 
971 564 581 
569 565 567 
783 784 781 
562 571 570 
564 979 566 
569 567 561 
565 841 568 
562 568 560 
565 568 567 
974 979 564 
891 913 1087 
571 562 557 
977 566 987 
572 557 558 
557 572 571 
575 574 536 
578 566 571 
725 579 726 
574 573 576 
575 536 539 
577 726 573 
541 577 539 
573 574 575 
578 564 566 
572 574 576 
577 575 539 
435 393 577 
572 578 571 
564 578 576 
1225 972 579 
581 564 576 
580 581 573 
1226 971 972 
573 581 576 
971 581 580 
732 735 730 
1013 1609 1012 
445 583 449 
583 582 586 
582 583 584 
445 584 583 
586 447 583 
447 586 585 
209 429 592 
589 997 998 
973 975 981 
586 582 589 
735 732 734 
997 996 1002 
584 732 582 
589 588 997 
579 590 443 
444 450 590 
591 592 699 
732 584 209 
457 592 458 
592 591 734 
224 593 194 
465 593 184 
772 223 743 
966 965 471 
220 605 606 
597 328 598 
597 177 757 
596 177 597 
603 599 611 
604 474 596 
760 600 749 
766 595 763 
760 749 473 
602 598 599 
602 603 609 
598 600 599 
474 604 605 
603 602 599 
601 604 608 
760 607 611 
595 743 610 
597 604 596 
605 604 601 
605 601 609 
474 605 220 
609 601 602 
229 222 606 
771 744 766 
611 763 603 
598 608 597 
601 608 602 
609 603 764 
605 609 606 
229 606 610 
606 609 764 
760 611 599 
763 611 607 
613 614 1224 
709 714 963 
718 1257 716 
533 963 714 
1014 742 615 
709 710 711 
615 479 1014 
615 614 712 
1014 174 217 
612 616 479 
239 276 617 
276 290 774 
487 621 297 
618 776 622 
1018 1265 1022 
781 643 779 
627 630 631 
626 624 625 
488 621 487 
621 620 622 
635 627 632 
625 618 622 
632 644 635 
1817 637 1610 
624 628 629 
625 638 618 
626 625 622 
625 624 638 
627 626 620 
628 626 635 
630 627 620 
627 490 632 
629 628 623 
624 626 628 
629 623 640 
638 634 294 
630 620 488 
631 630 491 
779 491 777 
490 627 631 
818 639 652 
651 1266 1048 
639 632 490 
647 649 654 
628 635 623 
650 634 629 
627 635 626 
784 789 486 
646 649 647 
644 640 623 
287 650 1611 
294 775 638 
629 638 624 
652 639 490 
641 645 647 
623 635 644 
1049 1048 1050 
639 645 632 
644 645 641 
649 1059 654 
1186 1187 922 
779 777 619 
486 809 818 
645 644 632 
640 644 641 
636 648 639 
1081 647 648 
819 789 799 
808 804 816 
648 647 645 
646 817 873 
639 648 645 
636 817 1081 
654 1059 637 
1046 1615 861 
634 650 287 
1817 629 640 
1152 873 931 
1184 1177 1181 
779 652 490 
652 643 818 
1080 1204 655 
1069 1233 1179 
640 654 637 
647 654 641 
1193 1160 1144 
633 653 1266 
306 337 657 
663 656 493 
658 311 506 
656 657 660 
506 505 659 
656 660 493 
661 659 508 
659 664 660 
657 658 660 
659 660 658 
665 666 670 
670 666 668 
304 21 681 
306 656 662 
670 672 685 
663 115 682 
660 664 493 
659 661 664 
508 507 665 
666 665 507 
507 244 666 
666 244 668 
530 708 262 
678 667 673 
668 673 667 
670 668 667 
670 667 672 
244 675 668 
670 661 665 
672 667 674 
675 671 673 
493 672 663 
676 677 669 
689 686 674 
677 673 671 
677 678 673 
945 687 938 
668 675 673 
678 680 674 
669 677 671 
678 677 676 
687 692 937 
678 674 667 
669 938 676 
694 702 308 
937 678 676 
692 693 680 
242 681 21 
306 681 305 
115 690 682 
690 691 683 
21 683 303 
683 682 690 
656 663 684 
682 684 663 
664 685 493 
670 685 661 
663 686 115 
672 674 686 
710 201 612 
699 707 736 
702 694 697 
688 495 690 
693 689 680 
688 115 689 
688 690 115 
690 495 691 
495 694 696 
300 683 691 
937 692 680 
333 704 499 
692 952 693 
689 693 688 
688 697 495 
694 495 697 
497 695 308 
696 695 312 
300 696 312 
495 696 691 
698 688 693 
697 688 698 
947 701 308 
697 698 702 
940 946 945 
1559 452 703 
500 704 331 
457 528 705 
938 687 676 
176 708 225 
946 692 687 
308 702 700 
1006 699 452 
948 949 950 
588 589 731 
2857 2854 2852 
2857 2853 2854 
700 698 951 
698 700 702 
951 698 952 
954 961 948 
720 527 968 
452 699 705 
1723 1722 1721 
712 711 710 
615 710 612 
712 613 711 
716 715 711 
714 532 969 
615 712 710 
613 712 614 
713 715 716 
1227 1070 934 
709 711 714 
715 714 711 
716 711 613 
715 713 1209 
769 1258 1259 
716 613 718 
748 747 1261 
769 216 1258 
718 613 719 
719 748 471 
1224 742 1015 
719 1015 748 
1558 1578 1719 
969 532 1563 
721 441 829 
549 721 548 
898 890 891 
788 793 796 
1146 1112 1143 
893 900 902 
1308 1321 1323 
833 835 830 
590 725 444 
579 972 726 
573 726 580 
393 725 726 
1124 982 978 
564 971 974 
588 737 996 
728 1002 15 
586 729 585 
15 729 728 
737 733 587 
733 737 731 
582 731 589 
730 740 731 
734 732 209 
730 731 732 
1004 1009 739 
731 740 733 
592 734 209 
734 591 735 
591 736 735 
735 736 1004 
699 736 591 
1004 736 707 
996 737 587 
731 737 588 
707 1006 1005 
587 1012 1032 
730 735 1004 
1013 739 1609 
1004 740 730 
1013 740 739 
214 1016 745 
741 594 742 
1015 742 594 
615 742 614 
610 743 229 
772 743 595 
764 595 610 
747 746 1261 
214 745 741 
744 746 747 
744 772 766 
1104 1567 1580 
744 747 745 
471 1114 719 
1260 717 1255 
594 747 748 
20 761 750 
749 600 759 
321 752 751 
328 600 598 
327 752 321 
756 752 754 
326 2856 754 
756 754 755 
756 751 752 
756 755 753 
752 326 754 
753 750 756 
754 316 755 
751 756 750 
757 328 597 
751 750 757 
328 759 600 
750 753 758 
607 760 473 
599 600 760 
759 761 20 
757 761 328 
765 607 767 
767 762 765 
607 765 763 
603 763 764 
595 764 763 
216 768 762 
773 770 766 
763 773 766 
765 762 768 
607 473 767 
473 762 767 
966 1255 965 
765 768 770 
1259 1192 1260 
768 769 770 
769 768 216 
769 771 770 
744 771 746 
766 770 771 
772 744 1016 
595 766 772 
763 765 773 
770 773 765 
289 774 269 
483 774 482 
776 296 295 
638 775 618 
776 295 289 
622 776 297 
778 777 285 
781 779 619 
284 778 285 
1023 1019 283 
652 779 643 
631 779 490 
786 787 812 
792 785 787 
783 781 619 
486 643 781 
1019 1018 783 
781 784 486 
783 619 1019 
784 783 782 
780 785 782 
784 782 785 
787 813 812 
785 780 787 
809 790 808 
789 784 792 
825 813 815 
787 793 792 
793 788 792 
642 1145 1302 
792 784 785 
789 788 799 
1214 802 1098 
798 790 799 
829 823 548 
814 821 812 
793 787 786 
789 792 788 
828 832 1310 
1141 1099 798 
1055 895 1219 
1610 1048 1266 
1152 1039 873 
798 799 796 
793 786 828 
1309 1141 796 
793 797 796 
786 812 821 
1155 1035 1182 
1353 1354 1123 
799 790 819 
796 799 788 
1313 848 853 
1105 1084 1089 
647 1081 646 
790 798 1028 
1141 916 1303 
1098 861 1111 
1233 1211 1029 
864 1296 918 
1502 1149 854 
816 817 636 
905 1028 1099 
885 992 1122 
1128 2178 2177 
864 856 801 
1161 1125 1222 
1124 884 980 
1127 1055 794 
808 816 809 
809 816 818 
486 819 809 
880 1125 1161 
874 1043 1167 
798 1099 1028 
1302 1145 905 
813 787 780 
814 812 791 
780 1024 813 
791 812 813 
820 822 823 
814 722 821 
1018 1022 782 
412 549 826 
816 804 817 
818 816 636 
970 919 918 
1042 1034 888 
818 636 639 
486 818 643 
789 819 486 
790 809 819 
829 441 830 
829 830 820 
821 722 832 
793 828 797 
823 822 791 
822 820 824 
825 823 791 
721 829 548 
840 830 835 
843 835 844 
813 825 791 
825 815 826 
412 826 815 
548 826 549 
824 842 722 
847 839 845 
786 821 828 
828 821 832 
830 441 403 
820 823 829 
555 833 403 
830 403 833 
1273 1324 1325 
842 839 848 
722 842 848 
832 827 1310 
833 555 836 
836 835 833 
836 837 1082 
568 841 554 
843 844 839 
820 840 824 
837 836 555 
835 836 834 
555 554 837 
554 838 1082 
872 862 890 
862 870 871 
824 843 842 
831 849 851 
830 840 820 
840 835 843 
841 565 2940 
554 841 838 
824 840 843 
848 839 847 
844 835 834 
839 842 843 
834 871 1083 
845 844 1083 
847 851 849 
839 844 845 
859 850 802 
1080 802 850 
853 848 847 
848 827 832 
722 848 832 
847 849 853 
857 870 869 
849 831 857 
1214 904 802 
893 846 859 
847 845 851 
831 851 845 
2177 2178 2499 
1908 1893 1902 
874 1046 655 
868 1053 906 
1141 798 796 
1163 1293 1292 
1377 2179 887 
906 1149 1030 
892 852 869 
895 1168 1250 
871 838 2939 
863 857 852 
1124 978 1092 
1055 1184 1544 
1098 1612 1214 
853 1314 1313 
1177 1184 1153 
867 1045 806 
1325 857 863 
896 1182 1053 
2940 2939 838 
872 892 869 
1214 894 904 
880 1204 1193 
1755 1609 1208 
1183 920 1150 
803 1052 865 
856 858 879 
931 806 875 
807 1031 1613 
878 1106 1119 
1151 1065 1066 
1025 1167 1043 
1042 878 1709 
870 857 831 
872 869 862 
845 1083 831 
862 869 870 
870 831 1083 
1082 871 834 
2939 882 890 
898 883 872 
894 900 904 
928 1547 2942 
858 1221 1049 
1194 885 1122 
1129 867 806 
1162 1097 1130 
1168 895 1127 
1182 1149 906 
1146 1251 1112 
1044 1062 866 
1519 1511 1523 
1145 1040 795 
905 1145 795 
1709 878 1056 
853 1324 1314 
2369 2941 1078 
7 1078 1036 
856 930 801 
565 569 1085 
891 929 898 
900 883 724 
1089 1084 1135 
1275 852 894 
865 875 866 
1044 1040 1123 
867 795 1195 
1076 1175 1088 
1029 1179 1233 
880 1144 888 
1127 895 1055 
1029 860 1210 
1514 1515 1516 
1296 1637 1485 
908 1486 1441 
2939 890 862 
891 890 882 
913 1085 899 
891 882 913 
872 883 892 
852 892 883 
724 898 929 
1298 801 1038 
852 883 894 
894 883 900 
850 859 846 
1548 1549 926 
1121 1185 1173 
1545 1243 1245 
914 860 1229 
1088 1178 1076 
883 898 724 
890 898 872 
992 850 846 
1268 1218 1117 
929 1198 724 
900 893 904 
1221 858 856 
902 1197 893 
724 902 900 
1201 1198 1115 
817 1129 811 
1532 1380 1650 
1043 874 1222 
904 859 802 
1088 1175 1158 
920 1183 1205 
846 903 1122 
873 811 931 
1392 1448 1449 
879 1039 1152 
1354 1044 1123 
1252 1169 1025 
1348 1356 1362 
1496 1498 1472 
1063 1068 1162 
800 1164 1051 
1079 1069 1130 
1404 1449 1448 
2942 912 1173 
1173 912 723 
1085 913 882 
1087 913 899 
1091 1136 1090 
1090 1218 899 
790 1028 808 
991 1134 1108 
1216 1115 1217 
1632 1282 1284 
1112 1095 1119 
1410 1419 1412 
1306 1307 1305 
930 856 879 
878 1042 1160 
873 817 811 
805 1078 970 
999 1001 1094 
1210 1179 1029 
1040 1195 795 
1097 1068 1027 
909 910 1025 
923 1159 1063 
1180 1076 1178 
1030 1149 877 
935 1189 1548 
1556 1253 1209 
876 1075 1219 
880 888 1151 
1502 1714 877 
1086 1064 1026 
1176 886 2942 
1624 897 1163 
1549 1156 1060 
1087 929 891 
1087 1115 929 
1222 874 655 
1106 1143 1119 
1494 931 1205 
1031 807 1495 
1000 999 17 
972 1225 1226 
1491 868 8 
1133 915 1100 
1719 25 1565 
1581 1566 1582 
1238 1278 1277 
1007 1557 994 
1039 879 1050 
1817 650 629 
678 937 680 
676 687 937 
957 942 944 
938 941 942 
1 944 939 
938 669 941 
956 957 679 
669 939 941 
942 941 939 
1 943 944 
942 940 945 
956 679 955 
944 942 939 
944 943 957 
942 945 938 
940 956 946 
706 951 952 
687 945 946 
308 700 947 
947 700 950 
960 190 949 
949 948 960 
949 190 2853 
949 947 950 
954 700 951 
950 954 948 
698 693 952 
955 958 706 
692 946 952 
706 952 946 
948 961 953 
946 956 706 
700 954 950 
958 951 706 
956 955 706 
954 958 961 
957 940 942 
957 956 940 
679 957 943 
959 961 955 
951 958 954 
955 961 958 
955 679 959 
948 953 960 
953 961 959 
705 962 452 
932 528 531 
530 963 533 
964 963 262 
176 964 262 
710 964 201 
965 1254 1114 
748 1261 471 
1114 1257 718 
1255 1254 965 
1577 1574 1010 
1635 1754 1622 
531 968 527 
533 968 530 
714 969 533 
1209 532 715 
566 977 570 
1142 1113 991 
972 971 580 
975 974 971 
726 972 580 
443 15 1225 
973 974 975 
1117 1120 1196 
975 971 727 
979 974 989 
1000 1002 1001 
980 981 982 
986 989 985 
570 977 561 
995 976 986 
977 995 988 
994 738 1007 
8 868 1137 
989 974 973 
979 976 987 
986 1113 1139 
973 981 985 
984 975 727 
1132 1196 1103 
984 981 975 
1608 15 1000 
1215 921 1146 
986 976 989 
984 727 1608 
981 984 982 
980 985 981 
1103 1113 1142 
917 1148 1247 
1041 1129 804 
979 987 566 
976 977 987 
569 1091 1090 
569 561 988 
979 989 976 
985 989 973 
1148 1105 1109 
1216 1220 1140 
1236 991 1234 
1138 1231 1135 
982 1124 980 
995 986 1139 
1184 1055 1075 
1095 915 1133 
1136 1107 1120 
1201 1115 1140 
976 995 977 
1639 1145 642 
587 1001 996 
17 999 1295 
729 998 728 
588 996 997 
589 998 586 
728 998 997 
733 1012 587 
17 982 1000 
982 984 1608 
997 1002 728 
1001 587 1032 
1000 1001 999 
1001 1002 996 
15 1002 1000 
1007 967 1557 
1189 1172 1156 
1004 707 1005 
1004 739 740 
707 699 1006 
967 1006 1559 
1564 1556 1209 
1559 703 1228 
703 1560 1577 
1009 1007 738 
1253 1563 532 
1561 1587 1585 
739 1009 738 
1005 1009 1004 
532 1209 1253 
703 1010 1228 
1628 1206 1626 
1096 1092 855 
1013 1012 733 
855 1295 1094 
740 1013 733 
739 738 1609 
616 1014 479 
741 1014 217 
748 1015 594 
1224 719 613 
772 1016 223 
745 1016 744 
1262 1254 1255 
719 1114 718 
1018 1019 1023 
782 1022 780 
777 1019 619 
283 1019 778 
283 284 1021 
1020 407 1264 
407 1021 437 
1021 1020 1023 
1018 1023 1265 
1024 1022 1265 
1021 1023 283 
1023 1020 1265 
813 1024 815 
780 1022 1024 
810 1544 1188 
1157 1187 1171 
901 925 1093 
1025 910 1167 
1068 1159 1546 
800 923 1063 
1491 1067 1053 
863 852 1275 
1041 1028 905 
1302 905 1099 
803 920 1052 
878 885 1106 
850 1193 1204 
1066 1125 1151 
1706 1492 1203 
817 646 1081 
806 811 1129 
1041 804 808 
1494 1152 931 
906 1030 868 
1523 1518 1519 
1057 2499 2369 
1151 1708 1065 
1045 867 1195 
1046 807 1615 
655 1046 861 
1045 1195 866 
1296 864 1298 
861 1098 1080 
646 1039 649 
1315 1311 1312 
914 1071 1127 
1334 1347 1346 
1375 803 881 
1716 1713 1715 
1046 874 807 
651 1049 1221 
1080 1098 802 
888 1144 1042 
651 1061 633 
1051 860 914 
861 1080 655 
881 803 865 
856 1202 1221 
649 1039 1050 
651 633 1266 
1041 867 1129 
651 1048 1049 
1050 1048 1059 
7 1061 919 
918 1033 970 
1640 1374 1376 
866 1195 1044 
2044 1067 1147 
805 887 1078 
1222 1252 1043 
1185 1121 1170 
1188 800 810 
865 1052 875 
1066 1191 1125 
936 1061 7 
651 1221 1061 
1153 876 993 
970 1078 7 
1072 1154 1715 
1171 1545 1116 
1050 1059 649 
1610 1059 1048 
729 15 443 
1158 1026 922 
633 1061 936 
1050 879 858 
931 875 1205 
1093 925 1086 
1513 1066 1065 
1125 880 1151 
1170 1171 1116 
1176 1173 1185 
1086 1026 1175 
810 1051 794 
1043 1252 1025 
1125 1191 1252 
1182 1035 854 
854 1149 1182 
1519 1072 1035 
1566 1070 1563 
1110 1272 983 
1202 919 1221 
994 1223 1756 
1227 527 1070 
1042 1144 1160 
1001 1032 1094 
909 1025 1169 
1026 1064 1181 
2042 1668 1465 
723 912 1178 
1074 1116 1165 
1184 1075 1153 
1517 909 1521 
1058 1165 1240 
2369 1078 887 
1157 1171 1121 
919 1202 918 
1181 1177 922 
930 1494 1183 
1186 1153 993 
925 923 1064 
801 1150 1038 
1061 1221 919 
636 1081 648 
1202 856 864 
836 1082 834 
554 1082 837 
834 1083 844 
870 1083 871 
1353 1123 1352 
1714 1084 877 
899 1085 569 
2940 1085 882 
881 1363 1375 
1569 1257 1254 
1103 1120 1139 
1105 1030 877 
1563 720 969 
1102 1140 1199 
1090 899 569 
864 918 1202 
1091 569 988 
1303 1301 1302 
1107 988 995 
893 1197 903 
1260 1192 717 
1102 1194 903 
1107 1139 1120 
1187 1157 1158 
1108 1234 991 
1076 1086 1175 
1134 986 985 
1196 1132 983 
1092 1096 1279 
1045 866 875 
805 970 1033 
1079 933 1249 
1267 1148 1137 
1566 1563 1118 
1041 905 795 
1039 646 873 
1190 1133 1138 
1051 1210 860 
1217 1087 1218 
1140 1250 1199 
1251 915 1112 
1183 1150 801 
1143 1106 990 
914 794 1051 
1181 1064 1188 
1108 985 980 
1138 1133 1100 
1026 1181 922 
1132 1142 1110 
1112 915 1095 
1198 1197 902 
983 1132 1110 
1112 1119 1143 
1040 1044 1195 
893 859 904 
1105 877 1084 
1058 1241 1236 
1146 1071 1251 
992 1160 1193 
1241 1142 1236 
1139 1107 995 
443 1225 579 
1105 1089 1109 
990 1102 1199 
1223 1557 1579 
1160 885 878 
881 865 1062 
1103 1196 1120 
15 1226 1225 
1064 1086 925 
990 1194 1102 
1361 1669 1505 
1117 1136 1120 
1076 1093 1086 
1089 1232 1109 
1107 1091 988 
1119 1095 878 
1056 1133 1190 
992 885 1160 
846 1122 992 
896 1067 1126 
1182 906 1053 
806 1045 875 
1440 1359 1669 
880 1193 1144 
1041 795 867 
868 1267 1137 
1164 1162 1069 
885 1194 1106 
1033 918 1296 
1146 921 1168 
876 1153 1075 
2179 1057 887 
1468 1434 1441 
915 1251 1131 
874 1167 1495 
811 806 931 
1028 1041 808 
878 1095 1056 
1113 1134 991 
1117 1196 983 
1109 1247 1148 
1100 915 1131 
1102 1197 1198 
1212 1234 1237 
917 1137 1148 
1115 1198 929 
1431 1150 920 
1231 1089 1135 
1102 903 1197 
724 1198 902 
1252 1222 1125 
1309 796 797 
1138 1100 1230 
1108 1134 985 
868 1030 1267 
1180 1093 1076 
1068 1063 1159 
846 893 903 
986 1134 1113 
1229 1100 1131 
15 1608 1226 
1056 1095 1133 
850 992 1193 
655 1204 1222 
903 1194 1122 
1173 723 1121 
1011 1032 1012 
1124 1235 884 
1179 1210 1069 
1191 1066 1054 
1147 1067 1491 
1210 1164 1069 
1180 1178 1047 
1243 1186 1244 
800 1063 1164 
1377 887 805 
1205 875 1052 
1129 817 804 
1074 1165 1058 
1194 990 1106 
1250 1168 921 
1186 922 1177 
1052 920 1205 
935 886 927 
1170 1073 1185 
1270 1219 1220 
1056 1190 1710 
1708 1709 1500 
994 1208 738 
935 927 897 
1097 1162 1068 
925 1546 1159 
1047 1547 928 
926 1549 1553 
1238 1283 1291 
850 1204 1080 
8 1203 1492 
1050 858 1049 
1529 1410 1425 
1158 1175 1026 
1555 1576 1583 
897 1073 1163 
1186 1177 1153 
1204 1161 1222 
1121 1171 1170 
1182 896 1155 
901 1093 1180 
1011 1094 1032 
1246 1165 1116 
1035 1072 854 
1708 1151 1034 
1079 1233 1069 
1130 933 1079 
1094 1635 1633 
1240 1241 1058 
1397 1396 1387 
1238 1291 924 
1157 723 1088 
1170 1293 1073 
1623 1156 1172 
1720 1558 1719 
1239 928 2942 
901 1546 925 
1074 1058 924 
1238 1277 1283 
935 1172 1189 
935 1174 886 
1188 1184 1181 
912 1547 1178 
1187 1158 922 
1186 1243 1187 
897 1172 935 
1548 1174 935 
1073 897 927 
1178 1088 723 
1176 927 886 
1088 1158 1157 
1054 1169 1191 
1272 993 876 
1191 1169 1252 
1053 1067 896 
1267 1105 1148 
1034 1151 888 
895 1250 1220 
1060 1623 1625 
1187 1243 1545 
1054 1513 1515 
2113 1583 1576 
1188 1064 923 
1069 1162 1130 
901 1027 1546 
1638 1335 1344 
1174 1239 886 
1548 1189 1549 
1563 1070 720 
990 1215 1143 
1216 1140 1115 
1127 794 914 
1717 1708 1500 
1556 1564 1583 
982 17 978 
1110 1142 1242 
703 962 1560 
1107 1136 1091 
1213 1247 1248 
1113 1103 1139 
930 1183 801 
1142 1132 1103 
1090 1136 1117 
1143 1215 1146 
1140 1220 1250 
1117 983 1268 
1270 1271 1269 
1140 1102 1201 
1198 1201 1102 
1411 1526 1407 
1033 911 805 
1149 1502 877 
2087 1707 2084 
1559 1228 1104 
1092 978 1295 
930 879 1152 
1283 1294 1291 
1574 1577 1227 
1227 934 1574 
1563 1253 1118 
967 1559 1104 
1254 1257 1114 
1259 1258 1192 
1006 967 1005 
1168 1071 1146 
800 1051 810 
1211 1230 1229 
1248 1249 1213 
1108 980 884 
1244 1110 1242 
1098 1111 1612 
1232 1233 1248 
1135 1190 1138 
990 1199 1215 
921 1199 1250 
1217 1115 1087 
1269 1268 983 
1087 899 1218 
1200 1216 1217 
1117 1218 1090 
1200 1217 1218 
1272 1110 1244 
914 1229 1131 
1271 1216 1200 
1127 1071 1168 
1092 1295 855 
2045 1492 1493 
1161 1204 880 
794 1055 1544 
742 1224 614 
1557 967 1104 
713 716 1257 
216 1192 1258 
1260 1255 966 
971 1226 727 
1255 717 1262 
771 769 1263 
471 965 1114 
962 932 1560 
1005 967 1007 
1624 1163 1292 
1071 914 1131 
860 1029 1229 
1229 1230 1100 
1211 1232 1231 
1138 1230 1231 
1211 1231 1230 
1231 1232 1089 
1211 1233 1232 
1229 1029 1211 
1164 1063 1162 
1108 884 1237 
1236 1234 1212 
1277 1278 1279 
1237 1238 924 
1058 1212 924 
991 1236 1142 
1108 1237 1234 
1237 1235 1278 
1279 1124 1092 
1074 1293 1116 
1176 1073 927 
1176 1185 1073 
1245 1242 1240 
1241 1242 1142 
1058 1236 1212 
1241 1240 1242 
1545 1245 1246 
1245 1244 1242 
925 1159 923 
1164 1210 1051 
1219 1075 1055 
1186 993 1244 
1246 1245 1240 
1244 1245 1243 
924 1212 1237 
1246 1240 1165 
1248 1247 1109 
1213 917 1247 
1232 1248 1109 
1248 1233 1249 
1079 1249 1233 
1213 1249 933 
1220 1219 895 
921 1215 1199 
800 1188 923 
805 911 1377 
865 866 1062 
1131 1251 1071 
1223 994 1557 
1257 1256 713 
717 1017 1262 
1261 1263 966 
966 1259 1260 
1263 1261 746 
471 1261 966 
1571 1569 1254 
769 1259 1263 
966 1263 1259 
407 412 1264 
815 1264 412 
1020 1264 1265 
815 1265 1264 
1610 1266 653 
1105 1267 1030 
983 1272 1269 
1218 1268 1200 
1270 1269 876 
1268 1269 1271 
1219 1270 876 
1271 1270 1220 
1216 1271 1220 
1271 1200 1268 
993 1272 1244 
1269 1272 876 
807 1613 1615 
1111 1615 1616 
1276 1616 1615 
1326 1273 1325 
894 1214 1275 
1275 1214 1612 
1319 642 1301 
1320 1319 1305 
1277 1279 1284 
1156 1623 1060 
1237 1278 1238 
1279 1278 1235 
1279 1235 1124 
1284 1279 1096 
1633 1632 855 
1745 1748 1749 
1283 1286 1285 
1289 1281 1285 
1632 1096 855 
1280 1822 1287 
1277 1284 1286 
1294 1283 1281 
1632 1284 1096 
1282 1285 1286 
1287 1285 1282 
1281 1283 1285 
1277 1286 1283 
1282 1286 1284 
1634 1287 1282 
1289 1287 1822 
1718 1551 9 
1625 1623 1281 
1287 1289 1285 
1625 1289 1288 
1294 1623 1290 
1292 1291 1290 
1290 1624 1292 
1074 924 1291 
1163 1073 1293 
1074 1291 1292 
1116 1293 1170 
1074 1292 1293 
1623 1294 1281 
1291 1294 1290 
17 1295 978 
1094 1295 999 
1128 2177 1835 
1033 1296 1485 
1431 1482 1510 
920 1482 1431 
801 1298 864 
1038 1296 1298 
1510 1641 1452 
881 1350 1363 
1380 1644 1650 
1377 911 1836 
1311 1305 1307 
1306 1301 1303 
1303 1302 1099 
642 1302 1301 
1141 1303 1099 
1306 1303 916 
1304 1315 1317 
1304 1317 1318 
916 1309 1307 
1305 1304 1320 
1307 1306 916 
1319 1306 1305 
1310 1307 1309 
1305 1311 1304 
1620 1331 1329 
1321 1318 1331 
1141 1309 916 
1310 1309 797 
828 1310 797 
1310 827 1312 
1312 1307 1310 
1307 1312 1311 
1313 827 848 
1312 827 1313 
849 1324 853 
1312 1313 1315 
1327 1314 1273 
1315 1304 1311 
1313 1314 1315 
1314 1327 1317 
1327 1328 1333 
1318 1321 1320 
1314 1317 1315 
1318 1317 1316 
1322 1323 1331 
1614 1613 1031 
1319 1301 1306 
1343 1319 1638 
1318 1320 1304 
1319 1320 1308 
1332 1318 1316 
1308 1320 1321 
1458 1435 1425 
1308 1323 1335 
1334 1335 1338 
1340 1338 1336 
1325 1324 849 
1273 1314 1324 
857 1325 849 
1325 863 1326 
1275 1326 863 
1326 1274 1617 
1328 1327 1273 
1317 1327 1316 
1328 1617 1616 
1443 1619 1614 
1329 1332 1333 
1819 1276 1621 
1447 1372 1371 
1341 1349 1355 
1321 1331 1323 
1332 1331 1318 
1333 1332 1316 
1331 1332 1329 
1327 1333 1316 
1333 1328 1819 
1347 1334 1340 
1343 642 1319 
1338 1339 1336 
1335 1334 1344 
1335 1339 1338 
1364 1357 1358 
1351 1334 1346 
1337 1352 1639 
1339 1335 1323 
1336 1370 1340 
1323 1322 1339 
1378 1339 1322 
1340 1330 1342 
1334 1338 1340 
1364 1358 1369 
1367 1366 1341 
1356 1348 1355 
1355 1349 1342 
1638 1319 1308 
1639 1343 1337 
1351 1344 1334 
1638 1337 1343 
1365 1678 1475 
1636 907 1533 
1346 1349 1350 
1351 1337 1344 
1340 1342 1347 
1347 1342 1349 
1356 1342 1330 
1641 1374 1644 
1350 1349 1341 
1347 1349 1346 
1366 1640 1363 
881 1062 1354 
1353 1346 1350 
1352 1351 1353 
1123 1040 1639 
1337 1351 1352 
1346 1353 1351 
1350 881 1354 
1354 1062 1044 
1350 1354 1353 
1356 1355 1342 
1367 1355 1348 
1358 1356 1330 
1358 1361 1362 
1382 1381 1357 
1469 1543 1477 
1330 1370 1369 
1361 1358 1357 
1488 1880 1484 
1641 1368 1376 
1399 1442 1397 
1395 1389 1387 
2304 1647 2305 
1640 1636 1374 
1358 1362 1356 
1669 1361 1381 
1366 1363 1350 
1660 1441 1486 
1369 1358 1330 
1384 1385 1379 
1357 1364 1384 
1477 1481 1642 
1341 1355 1367 
1350 1341 1366 
1505 1362 1361 
1348 1362 1359 
1348 1834 1367 
803 1368 1482 
1330 1340 1370 
1364 1369 1372 
1371 1370 1336 
1364 1372 1360 
1378 1336 1339 
1386 1442 1444 
1369 1370 1372 
1371 1372 1370 
1389 1395 1373 
1448 1658 1416 
1381 1383 1672 
1671 1655 907 
1363 1640 1376 
803 1375 1368 
1368 1375 1376 
1363 1376 1375 
1510 1482 1368 
1637 1038 1668 
1446 1378 1322 
1336 1378 1371 
1364 1385 1384 
1391 1382 1388 
1381 1361 1357 
1652 1650 1653 
1357 1384 1382 
1636 1367 907 
1379 1389 1388 
1367 1834 907 
1381 1382 1383 
1382 1379 1388 
1385 1364 1360 
1382 1384 1379 
1397 1360 1399 
1379 1385 1387 
1459 1460 1461 
1705 2223 1507 
1385 1360 1397 
1396 1390 1395 
1543 1450 1481 
1383 1382 1391 
1388 1389 1373 
1379 1387 1389 
1362 1505 1359 
1398 1373 1402 
1391 1388 1394 
1416 1393 1448 
1393 1394 1398 
1402 1373 1401 
1398 1388 1373 
1438 1653 1650 
1398 1394 1388 
1394 1393 1416 
1396 1395 1387 
1390 1451 1401 
1387 1385 1397 
1396 1386 1454 
1399 1360 1447 
1396 1397 1442 
1373 1395 1401 
1398 1404 1448 
1619 1446 1620 
1396 1442 1386 
1481 1464 1462 
1435 1654 889 
1390 1401 1395 
1401 1400 1402 
1405 1402 1400 
1398 1402 1404 
1433 1407 1526 
1405 1400 1457 
1405 1404 1402 
1449 1404 1403 
1840 1409 1458 
1404 1405 1403 
1432 1663 1676 
1642 1481 1462 
1400 1412 1457 
1407 1539 1411 
1451 1412 1400 
1412 1419 1457 
1650 1859 1532 
1859 1650 1652 
1454 1453 1390 
1664 1416 1658 
1155 1470 1503 
1457 1538 1478 
1451 1400 1401 
1419 1529 1435 
1504 1527 1439 
1645 1681 2043 
1430 1300 1414 
2283 1429 2282 
1126 1702 1476 
1392 1449 1450 
1449 1427 1464 
1440 1669 1468 
1659 1421 1299 
1651 1852 1652 
1674 1665 1660 
1450 1449 1464 
1453 1425 1410 
1701 1693 1415 
1845 1406 1841 
1462 1531 1692 
1840 1458 1460 
1478 1427 1403 
1473 1456 1455 
909 1541 1499 
1644 1438 1650 
1476 1424 1470 
1846 1841 1407 
1666 1487 1414 
1410 1451 1453 
889 1419 1435 
1506 1684 1687 
1452 1423 1656 
1424 1476 2107 
1486 908 1432 
1150 1431 1038 
2304 1477 1647 
1468 1441 1665 
1534 1470 1424 
1672 1468 1669 
2043 2180 1645 
1418 1504 1439 
1155 896 1476 
1643 1510 1452 
1850 2298 2302 
1416 1648 1391 
1487 1677 1661 
1440 1413 1655 
1380 1532 1423 
1840 1460 1459 
1459 1541 1540 
1678 1474 1475 
1432 1680 1486 
1407 1540 1539 
1538 1439 1415 
1514 1520 1528 
1169 1521 909 
1526 1411 1517 
2239 2340 2112 
1691 2100 2108 
1642 1647 1477 
1427 1462 1464 
1678 1365 1436 
1445 1442 1399 
1445 1444 1442 
1446 1463 1378 
1619 1621 1614 
1444 1618 1480 
1480 1497 1472 
1399 1447 1463 
1444 1445 1443 
1443 1445 1446 
1445 1399 1463 
1372 1447 1360 
1463 1447 1371 
1448 1392 1479 
1398 1448 1393 
1418 1437 1475 
1437 1439 1538 
1403 1405 1478 
1464 1481 1450 
1453 1451 1390 
1412 1451 1410 
1648 1416 1664 
1476 1470 1155 
1390 1396 1454 
1425 1453 1456 
1455 1454 1386 
1425 1456 1422 
1386 1471 1455 
1461 1473 1472 
1453 1454 1456 
1455 1456 1454 
1458 1425 1422 
1523 1511 1520 
1460 1458 1422 
1654 1409 1365 
1460 1422 1473 
1522 1526 1517 
1422 1456 1473 
1459 1540 1840 
1471 1472 1455 
1461 1498 1499 
1511 1536 1512 
1413 1674 1661 
1378 1463 1371 
1445 1463 1446 
1427 1449 1403 
1405 1457 1478 
1873 1875 1488 
1392 1450 1483 
1409 1654 1435 
2190 2182 2183 
1664 1434 1648 
1466 1676 1299 
1664 1663 1432 
1421 1543 1469 
1683 1655 1413 
1533 1655 1653 
2273 2276 1694 
1663 1479 1483 
1386 1444 1471 
1472 1471 1444 
1444 1480 1472 
1497 1480 1031 
1472 1473 1455 
1460 1473 1461 
1423 1532 1509 
1663 1483 1659 
1662 1684 1685 
1685 1420 2233 
1440 1468 1665 
1695 2272 1647 
889 1654 1475 
1423 1452 1380 
1418 1475 1474 
1668 1431 1643 
2279 1430 1525 
908 1441 1434 
1618 1444 1443 
1497 1495 1496 
1538 1508 1437 
2182 1433 1542 
803 1482 920 
1300 1490 1414 
1543 1481 1477 
1426 1699 1705 
1430 1670 1525 
2052 2051 1694 
1702 2044 1691 
1479 1392 1483 
2196 2194 2195 
1466 1299 1682 
1381 1672 1669 
2180 1863 1645 
1543 1659 1483 
1666 1677 1487 
1465 1643 1656 
1663 1664 1658 
1673 1674 1660 
1438 1644 1345 
868 1491 1053 
1492 1491 8 
1706 1203 1101 
1491 1492 1147 
1533 1438 1345 
1504 1426 1527 
1183 1494 1205 
1152 1494 930 
874 1495 807 
1495 1167 1496 
1167 910 1496 
1498 1496 910 
1495 1497 1031 
1472 1497 1496 
1499 1498 910 
1472 1498 1461 
909 1499 910 
1461 1499 1459 
1711 1501 1712 
1713 1500 1712 
1715 1502 854 
1711 1712 1710 
854 1072 1715 
1501 1711 1714 
1035 1155 1503 
1448 1479 1658 
1467 2272 2275 
1462 1427 1531 
1424 1524 2340 
1655 1533 907 
1506 1504 1474 
1701 1426 1705 
896 1126 1476 
2313 1704 2315 
1649 1656 1696 
1407 1433 1530 
1528 1542 1526 
2104 2106 1524 
2086 2091 2046 
1703 2058 2056 
1653 1651 1652 
1506 1474 1684 
2044 2047 2221 
1425 1435 1529 
1166 1516 1515 
1066 1513 1054 
1433 1526 1542 
1521 1515 1522 
1166 1515 1513 
1515 1514 1522 
1518 1516 1166 
1518 1523 1516 
1687 1688 1506 
1526 1522 1514 
1716 1518 1166 
1518 1154 1519 
1072 1519 1154 
1503 1519 1035 
1512 1528 1520 
1514 1516 1520 
1169 1054 1521 
1515 1521 1054 
1542 1528 1512 
1521 1522 1517 
1503 1511 1519 
1516 1523 1520 
1542 1512 2262 
1534 1536 1503 
1437 1418 1439 
1510 1643 1431 
1854 1848 1679 
2239 2263 2340 
1365 1409 1406 
1504 1506 1426 
1534 1503 1470 
1636 1533 1345 
1503 1536 1511 
1458 1409 1435 
1439 1527 1415 
1692 2050 1462 
1840 1841 1406 
1525 1680 1466 
1538 1415 1843 
2056 2055 1703 
1407 1841 1540 
1410 1529 1419 
1534 2340 2263 
1452 1641 1380 
1419 889 1508 
1540 1541 1539 
1474 1504 1418 
1434 1468 1672 
1693 1843 1415 
1437 1508 889 
1520 1511 1512 
1843 1427 1478 
1514 1528 1526 
1517 1539 909 
1437 889 1475 
1508 1457 1419 
1499 1541 1459 
909 1539 1541 
1517 1411 1539 
1543 1483 1450 
2196 1299 1421 
1542 2262 2182 
1188 1544 1184 
794 1544 810 
1116 1545 1246 
1187 1545 1171 
1068 1546 1027 
1178 1547 1047 
2942 1547 912 
1189 1156 1549 
926 1174 1548 
1206 1550 1060 
1549 1060 1550 
1551 1550 1206 
1718 1553 1551 
1821 1822 1820 
1601 1747 1603 
1551 1553 1550 
1553 1549 1550 
926 1553 1552 
527 720 1070 
1590 1592 1574 
713 1564 1209 
1118 1584 1582 
1555 1256 1568 
1118 1582 1566 
1567 1228 1010 
527 1227 1560 
2176 1765 1766 
934 1070 1566 
1555 713 1256 
2342 1727 2114 
1104 1228 1567 
452 1559 1006 
528 932 962 
527 932 531 
1720 1722 1558 
1726 1207 1724 
1726 1582 1207 
1253 1556 1118 
1555 1568 1576 
1722 1723 1725 
2360 2435 2437 
1578 1558 1576 
1578 1576 1568 
934 1008 1574 
1596 1567 1594 
1555 1583 1564 
1569 1256 1257 
1256 1569 1568 
1571 1254 1262 
1570 1572 25 
1568 1569 1570 
1569 1571 1573 
1262 1017 1571 
1017 1572 1573 
1569 1573 1570 
1573 1572 1570 
1017 1573 1571 
25 1719 1578 
1584 1118 1556 
1581 1008 934 
1595 1575 1596 
1561 1585 1581 
703 1577 1010 
1227 1577 1560 
1588 1589 1587 
1566 1581 934 
1557 1104 1580 
1575 1603 1745 
1575 1579 1580 
1580 1579 1557 
25 1578 1570 
1008 1581 1585 
1589 1590 1008 
2113 1556 1583 
1582 1584 1207 
1584 1556 2113 
2348 2351 2350 
1585 1589 1008 
1595 1591 1599 
1594 1592 1593 
2343 2342 2116 
1008 1590 1574 
1586 1728 1587 
1594 1567 1592 
1587 1589 1585 
1589 1588 1590 
1741 1593 1588 
1010 1592 1567 
1728 1588 1587 
1729 1739 1738 
1574 1592 1010 
1593 1592 1590 
1588 1593 1590 
1593 1591 1594 
1595 1594 1591 
1580 1596 1575 
1731 1598 1599 
1575 1595 1603 
1567 1596 1580 
1595 1596 1594 
1769 1630 1766 
1206 1629 1551 
1588 1728 1741 
1602 1599 1605 
1731 1591 1730 
1598 1605 1599 
1765 1751 1760 
1628 1629 1206 
1595 1599 1602 
1744 1601 1742 
1733 1604 1605 
1606 1607 1605 
1602 1603 1595 
1747 1601 1744 
1760 1751 1757 
1602 1607 1601 
1733 1605 1598 
1606 1605 1604 
2133 1762 2118 
1600 1742 1606 
1605 1607 1602 
1742 1607 1606 
1608 1000 982 
1226 1608 727 
1609 1011 1012 
738 1208 1609 
1611 1610 653 
1610 637 1059 
287 1611 653 
1817 1611 650 
1616 1612 1111 
1275 1612 1274 
1480 1618 1031 
1615 1613 1276 
1619 1443 1446 
1276 1613 1614 
1616 1276 1328 
1111 861 1615 
1617 1328 1273 
1616 1274 1612 
1326 1617 1273 
1274 1616 1617 
1443 1614 1618 
1031 1618 1614 
1620 1446 1322 
1614 1621 1276 
1331 1620 1322 
1818 1620 1329 
1818 1619 1620 
1818 1819 1621 
1767 1754 1755 
1632 1634 1282 
1624 1623 1172 
1289 1625 1281 
1624 1172 897 
1290 1623 1624 
1288 1626 1625 
1625 1626 1060 
1821 1628 1626 
1060 1626 1206 
1746 1761 1829 
1631 1629 1627 
1821 1626 1288 
1628 1627 1629 
1833 1830 1824 
1631 1777 1778 
2257 1833 2171 
1769 1774 1630 
1752 1824 1831 
1774 1782 1630 
1633 855 1094 
1632 1633 1634 
1635 1094 1011 
1634 1633 1622 
1825 1634 1622 
1287 1634 1280 
1754 1635 1011 
1622 1633 1635 
1368 1641 1510 
1509 1532 1859 
1038 1637 1296 
1505 1669 1359 
1335 1638 1308 
1337 1638 1344 
1639 642 1343 
1123 1639 1352 
1640 1367 1636 
1366 1367 1640 
908 1434 1664 
1637 2042 2041 
1659 1676 1663 
1852 1651 1428 
1644 1374 1345 
1648 1383 1391 
2041 2042 2040 
1670 1430 1673 
1681 1696 2043 
1641 1644 1380 
1676 1659 1299 
1038 1431 1668 
1655 1671 1440 
2041 911 1485 
1641 1376 1374 
1465 1668 1643 
1856 1839 1858 
1383 1648 1434 
1374 1636 1345 
1394 1416 1391 
1486 1670 1660 
911 1033 1485 
1655 1683 1651 
1889 1886 1879 
1649 1465 1656 
1430 1414 1673 
1642 2050 1695 
1678 1436 1685 
2040 1488 1484 
1677 1854 1852 
1533 1653 1438 
1663 1658 1479 
1680 1676 1466 
1655 1651 1653 
1679 1848 1849 
1465 1649 2042 
1834 1671 907 
1661 1683 1413 
1413 1665 1674 
2195 2198 1657 
1440 1665 1413 
1434 1672 1383 
1683 1661 1428 
2319 2373 2375 
1423 1509 2043 
1851 1417 2291 
908 1664 1432 
1660 1665 1441 
1493 1706 2084 
1490 1848 1666 
2304 1469 1477 
1666 1848 1677 
1429 1682 1853 
1421 1659 1543 
1300 2285 1490 
1643 1452 1656 
1457 1508 1538 
1490 1417 1849 
1651 1683 1428 
1469 2196 1421 
1685 1684 1474 
1682 1429 1466 
1300 2279 2285 
1430 2279 1300 
2197 2306 2194 
1475 1654 1365 
1432 1676 1680 
1690 1689 1700 
1670 1486 1525 
1487 1674 1673 
1466 1429 2280 
2279 2280 2193 
2378 2376 2384 
1851 1849 1417 
1408 2061 2057 
2190 1530 2182 
1661 1677 1428 
1673 1660 1670 
1649 1696 1488 
1673 1414 1487 
1474 1678 1685 
1666 1414 1490 
1525 1486 1680 
1440 1671 1359 
1867 1645 1863 
1662 2222 1687 
2055 2056 2060 
1436 1420 1685 
1506 1688 1426 
1662 1687 1684 
1687 1686 1688 
1686 1690 1688 
1688 1699 1426 
1690 1535 1689 
1689 2053 1704 
2049 2058 2062 
1527 1701 1415 
1126 1067 2044 
2097 2100 1667 
1693 1692 1531 
2272 1467 1647 
1843 1693 1531 
1527 1426 1701 
2050 2052 1694 
1692 1693 1507 
1647 1642 1695 
1694 1695 2050 
2043 1696 1656 
1488 1696 1681 
2222 1686 1687 
2188 2189 2184 
2066 1535 1690 
1704 1698 1700 
1690 1699 1688 
1698 2223 1705 
1698 1699 1700 
1690 1700 1699 
2084 1706 1101 
1507 1701 1705 
2044 1702 1126 
1702 1691 2108 
1704 2313 2224 
1507 1693 1701 
1698 1705 1699 
2055 1689 1535 
1704 1700 1689 
2066 1690 1686 
2506 2402 2375 
1492 1706 1493 
2221 1667 2100 
1709 1708 1034 
1717 1500 1713 
1042 1709 1034 
1710 1709 1056 
1710 1190 1711 
1709 1710 1500 
1190 1135 1711 
1714 1711 1135 
1713 1712 1501 
1710 1712 1500 
1715 1713 1501 
1716 1717 1713 
1714 1135 1084 
1501 1714 1502 
1502 1715 1501 
1716 1715 1154 
1518 1716 1154 
1717 1716 1166 
1513 1717 1166 
1708 1717 1065 
9 1552 1718 
1553 1718 1552 
1565 1562 1720 
1720 1719 1565 
2345 1722 1720 
2357 1554 2344 
1207 1723 1724 
2345 1720 1562 
1724 1723 1721 
1207 1584 2113 
1558 1725 1576 
1561 2116 2115 
1724 2116 1726 
1722 1725 1558 
2113 1725 1723 
1561 1581 1726 
1582 1726 1581 
1586 1587 2114 
1587 2115 2114 
1734 1728 1586 
1591 1593 1730 
1729 1734 1736 
1598 1731 1732 
1730 1741 1734 
1729 1732 1731 
1591 1731 1599 
1729 1731 1730 
1736 1739 1729 
1733 1732 1738 
1733 1597 2121 
1598 1732 1733 
2353 1735 2358 
1730 1734 1729 
1727 2346 2351 
1738 1732 1729 
2358 1734 1586 
1739 1736 1735 
1739 1735 2117 
1739 2117 1737 
2243 1738 1737 
1733 1738 1597 
1727 2344 2346 
1738 1739 1737 
2359 2117 1735 
2129 2131 2123 
1734 1741 1728 
1593 1741 1730 
1746 1744 1750 
1607 1742 1601 
1746 1743 1744 
1749 1767 1208 
1750 1742 1600 
1756 1745 1749 
1575 1745 1579 
1743 1748 1744 
1746 1600 1757 
1827 1829 1752 
1748 1747 1744 
1603 1747 1745 
1749 1748 1743 
1747 1748 1745 
1828 1752 1823 
1756 1749 1208 
1742 1750 1744 
1600 1746 1750 
1758 1760 1762 
2119 1604 2121 
1746 1757 1761 
1627 1628 1821 
2943 1827 1753 
1828 1826 1827 
1755 1754 1011 
1754 1753 1826 
1609 1755 1011 
1755 1208 1767 
994 1756 1208 
1745 1756 1223 
1762 1760 1757 
1761 1757 2256 
1768 1769 1770 
2143 2139 1780 
2171 1833 2255 
1627 1830 1833 
1762 1757 1600 
1758 2245 1765 
2256 1757 1751 
1759 1832 1829 
1606 2118 1600 
2118 1764 2133 
1764 2125 2127 
1631 2257 1782 
2120 2119 2121 
2120 2121 2132 
1758 1765 1760 
1766 1765 1763 
1772 1770 1769 
2257 2176 1630 
2943 1749 1743 
1767 1753 1754 
2135 2245 2127 
2154 9 1777 
1772 1766 1763 
1774 1769 1776 
2119 2120 1764 
1770 1772 1779 
1776 1771 1774 
2157 2155 1787 
1766 1772 1769 
1779 1772 1763 
2122 2174 2169 
1786 1768 1770 
1776 1769 1768 
1774 1771 1783 
2245 2135 1775 
2143 1775 2145 
1784 1780 2164 
1771 1776 1787 
1777 1783 2154 
1778 9 1551 
1631 1778 1629 
9 1778 1777 
1779 1763 2245 
2144 1779 1775 
2149 2172 2473 
1788 1801 1791 
1790 1784 2164 
1793 1781 1798 
1783 1782 1774 
1631 1782 1777 
2154 1783 1771 
1782 1783 1777 
1770 1779 2144 
1792 2157 1789 
1776 1790 1789 
2163 1796 1798 
2144 1786 1770 
1790 1786 1784 
1768 1790 1776 
2157 1792 2158 
1793 1792 1791 
1791 1792 1789 
1776 1789 1787 
1789 1788 1791 
1790 1768 1786 
1788 1789 1790 
1788 1806 1801 
1781 1793 1800 
1800 1802 1797 
1793 1798 2159 
1794 2155 2157 
1781 2440 1798 
2154 2156 9 
1795 1804 1805 
2467 2167 2166 
1796 2162 2158 
2156 2161 1785 
1793 1802 1800 
2462 2463 2175 
2471 2469 2485 
1796 2158 2159 
2465 1814 2248 
2163 2440 2461 
1802 1793 1791 
2441 1800 1797 
2164 1788 1790 
2442 1804 1795 
1791 1801 1802 
1797 1802 1801 
1803 1780 1807 
1805 1804 1801 
1797 1801 1804 
1801 1806 1805 
1807 1805 1803 
1795 1805 1811 
2164 1806 1788 
1805 1806 1803 
2137 2138 2131 
2442 2363 2441 
2147 2465 2248 
1780 1815 1807 
1805 1812 1811 
2248 1808 1812 
2133 2127 1758 
2365 2251 2253 
1812 1805 1807 
1811 1808 1809 
1807 1815 2148 
2567 2496 2565 
2145 2138 2139 
2153 2477 2140 
2439 2174 2122 
2365 2466 2151 
2138 2140 2146 
1813 2147 2148 
2465 2141 2172 
2450 2443 2444 
637 1817 640 
1611 1817 1610 
1819 1818 1329 
1619 1818 1621 
1333 1819 1329 
1819 1328 1276 
1823 1820 1280 
1820 1823 1831 
1822 1821 1288 
1821 1820 1830 
1289 1822 1288 
1280 1820 1822 
1825 1280 1634 
1825 1828 1823 
1752 1832 1824 
1627 1833 1631 
1826 1825 1622 
1280 1825 1823 
1754 1826 1622 
1826 1753 1827 
2943 1753 1767 
1827 2943 1829 
1826 1828 1825 
1752 1828 1827 
1746 1829 1743 
1759 1829 1761 
1821 1830 1627 
1831 1830 1820 
1752 1831 1823 
1830 1831 1824 
1829 1832 1752 
2256 2255 1759 
2255 1824 1832 
2256 2171 2255 
1348 1359 1834 
1834 1359 1671 
1377 1836 1838 
2201 2179 1377 
911 1484 1836 
1838 1836 1894 
1870 1681 1645 
1869 1897 1884 
1894 1836 1484 
1837 1888 2201 
1428 1677 1852 
1674 1487 1661 
1841 1840 1540 
1409 1840 1406 
1845 1846 1844 
1530 2191 1846 
2104 2100 2048 
1703 2062 2058 
1427 1843 1531 
1538 1843 1478 
1847 2264 1436 
1365 1845 1847 
1847 1845 1844 
1365 1406 1845 
1841 1846 1845 
1407 1530 1846 
1847 1844 2264 
1365 1847 1436 
1490 1849 1848 
2292 2294 2296 
1851 1865 1849 
1870 1873 1681 
1417 1490 2285 
1857 1679 1864 
1677 1848 1854 
1852 1856 1858 
2197 2194 2305 
1657 2295 2282 
1857 1854 1679 
1852 1854 1856 
1912 1899 2311 
1839 1856 1860 
1857 1856 1854 
1856 1857 1860 
1865 1861 1864 
1857 1855 1860 
1839 2180 1859 
1852 1858 1652 
1652 1858 1859 
1839 1859 1858 
1866 1860 1855 
1839 1860 1863 
1918 1917 1902 
1864 1881 1857 
1871 1876 1868 
1871 1862 1866 
1866 1863 1860 
1863 1866 1867 
1865 1864 1679 
1864 1861 1881 
1849 1865 1679 
1865 1851 2200 
1855 1876 1871 
1866 1862 1867 
1867 1862 1872 
1645 1867 1870 
1895 1903 1899 
1886 1875 1884 
1883 1862 1871 
1882 1869 1872 
1874 1867 1872 
1681 1873 1488 
1855 1871 1866 
1903 1895 1883 
1883 1882 1896 
1878 1874 1869 
1874 1873 1870 
1874 1878 1873 
1867 1874 1870 
1869 1874 1872 
1884 1875 1869 
1880 1875 1886 
1855 1881 1876 
1861 2203 2204 
1877 1883 1895 
1128 1909 1908 
1869 1875 1878 
1873 1878 1875 
1885 1954 1884 
1837 1886 1888 
1837 1838 1894 
1488 1875 1880 
1881 1855 1857 
2204 1881 1861 
1896 1862 1883 
1882 1877 1898 
1903 1871 1868 
1882 1883 1877 
1897 1869 1882 
1886 1884 1879 
1907 1885 1898 
1891 1887 1889 
1889 1888 1886 
1886 1837 1880 
1900 1937 1941 
1891 1893 1887 
1909 1888 1887 
1888 1909 2201 
1879 1954 1942 
1887 1888 1889 
1907 1877 1915 
1901 1892 1893 
1879 1891 1889 
1893 1906 1901 
1927 1952 1929 
1908 1902 1128 
1890 1956 1906 
1893 1892 1902 
1484 1880 1894 
1837 1894 1880 
1912 2209 2206 
1921 1911 1905 
1882 1872 1896 
1862 1896 1872 
1898 1897 1882 
1884 1897 1885 
1877 1913 1915 
1897 1898 1885 
1913 1877 1895 
1933 1935 1915 
1933 1915 1931 
1941 1885 1900 
1877 1907 1898 
1962 1952 1927 
1921 1905 1918 
1128 1902 1917 
1871 1903 1883 
1899 1903 1868 
2206 2209 2208 
1931 1915 1913 
2205 1895 1899 
1885 1907 1900 
1893 1891 1906 
1890 1906 1891 
1971 1963 2038 
2013 1968 2007 
1909 1128 1835 
1893 1908 1887 
1909 1835 2201 
1887 1908 1909 
1918 1905 1917 
2178 2258 2261 
1971 1911 1925 
2204 1868 1876 
1918 1902 1892 
1985 1940 1953 
1904 2206 2208 
1939 2944 2218 
2178 1905 2258 
1899 1912 2205 
1915 1900 1907 
1918 1892 1930 
2311 1899 1868 
1971 1952 1963 
2178 1917 1905 
1930 1922 1927 
1918 1929 1921 
2206 2211 2205 
1920 1931 2205 
1935 1932 1936 
2006 2013 2007 
1901 1956 1947 
2211 1916 1920 
1925 1911 1921 
2011 2007 1968 
1923 1952 1962 
2215 1983 1923 
2370 2259 2213 
1958 1959 1960 
1925 1921 1929 
1925 1929 1952 
2015 2005 1979 
1943 1890 1937 
1945 1947 1956 
1959 1922 1930 
1927 1929 1930 
1900 1915 1935 
1916 2217 1934 
1950 1951 1944 
1959 1930 1892 
2205 1931 1913 
1916 1934 1920 
1933 1920 1934 
1932 1933 1934 
1920 1933 1931 
1933 1932 1935 
1953 2217 1985 
1948 1950 1944 
1977 2214 1955 
1890 1891 1942 
1960 1947 1957 
1936 1943 1937 
1900 1935 1937 
1936 1937 1935 
1922 1938 2024 
1930 1929 1918 
1977 1976 1946 
1953 1964 1934 
1932 1934 1964 
1937 1890 1942 
1954 1941 1942 
1879 1942 1891 
1937 1942 1941 
1943 1936 1945 
1890 1943 1956 
2214 1936 1932 
1944 1945 1948 
1936 2214 1948 
1945 1944 1947 
1974 1966 1967 
1928 1957 1951 
1944 1957 1947 
1957 1928 1958 
1936 1948 1945 
1992 1950 1948 
1965 1967 1955 
1951 1978 1928 
1992 1948 1946 
1950 1949 1951 
1969 1951 1949 
1978 1969 1980 
2218 1973 1986 
1952 1923 1963 
1940 1974 1965 
1884 1954 1879 
1885 1941 1954 
1953 1955 1964 
1940 1965 1953 
1956 1901 1906 
1945 1956 1943 
1951 1957 1944 
1928 2025 1958 
1959 1958 1938 
1957 1958 1960 
1959 1938 1922 
1960 1892 1901 
1892 1960 1959 
1901 1947 1960 
2008 2005 2015 
1924 2003 1996 
2012 2023 2024 
2022 1962 2023 
1923 1972 1963 
1910 2014 2026 
1967 1965 1974 
2214 1964 1955 
1955 1953 1965 
2030 1966 1989 
2028 2015 2016 
1976 1967 1966 
1977 1967 1976 
1969 1961 1980 
1924 1997 1981 
2008 1993 2005 
1995 1979 1961 
1983 1910 1972 
1923 1962 1982 
1911 1971 1926 
1952 1971 1925 
2216 1919 1970 
2501 2398 2034 
2985 2000 2984 
1990 1989 1974 
1985 1986 1973 
1985 1999 1940 
1995 1961 1969 
2029 2032 1975 
1994 1976 2001 
1992 1949 1950 
2214 1977 1946 
1955 1967 1977 
1969 1978 1951 
2013 1978 1968 
1974 1989 1966 
1949 1995 1969 
2004 1961 1979 
1978 1980 1968 
2022 2021 1919 
2002 2011 1980 
2022 1982 1962 
1970 1910 1983 
2216 1982 2022 
2215 1923 1982 
1985 2217 1986 
1972 1910 2026 
1939 1987 2944 
2212 1916 2211 
2218 1986 2219 
1973 2944 2984 
1914 1988 2033 
1979 2016 2015 
1999 1974 1940 
2031 1989 2033 
1999 2984 2000 
1990 2033 1989 
2027 1991 2029 
2948 2019 0 
1946 1976 1992 
1949 1992 1976 
1995 1949 1994 
2005 1996 2004 
1949 1976 1994 
2001 1976 1966 
2004 2003 2002 
1995 1994 2016 
2003 1981 2002 
2022 2012 2021 
1981 1997 2011 
1985 2984 1999 
2014 2036 2026 
1974 1999 1990 
2033 2000 1914 
1999 2000 1990 
1991 2220 1966 
1994 2220 2016 
2011 2002 1981 
1961 2002 1980 
1961 2004 2002 
1924 1981 2003 
2003 2004 1996 
2004 1979 2005 
1996 2005 2010 
2945 2021 2012 
2945 2020 2021 
2012 2006 2945 
2013 1928 1978 
1926 1971 2038 
1972 2026 2039 
2947 2029 1975 
2986 2009 2017 
1980 2011 1968 
2005 1993 2010 
2020 1997 1924 
2012 2024 2006 
1927 2023 1962 
1997 2007 2011 
1958 2025 1938 
1995 2016 1979 
2017 2009 2027 
2009 2008 2015 
2220 1994 2001 
1991 2027 2028 
2019 2948 2017 
1993 2008 2946 
2947 2017 2027 
2986 2018 2946 
2017 2947 2019 
2029 2947 2027 
2013 2006 2024 
2007 2945 2006 
1923 1983 1972 
1919 2021 2020 
2216 1970 2215 
2945 1997 2020 
2023 1927 1922 
2022 2023 2012 
1922 2024 2023 
2025 2024 1938 
1928 2013 2025 
2024 2025 2013 
2037 2034 2036 
2039 2038 1963 
2028 2027 2009 
2030 1991 1966 
2015 2028 2009 
2028 2016 2220 
2029 1991 2030 
2506 2374 2507 
2029 2030 2031 
2031 2032 2029 
2033 1990 2000 
2031 2030 1989 
2031 1988 2032 
1988 2031 2033 
2035 2039 2036 
2396 2394 2312 
2035 2395 2312 
2037 2036 2014 
2036 2034 2395 
2014 1998 2037 
2037 1998 2502 
2039 1963 1972 
2312 2038 2035 
2036 2039 2026 
2038 2039 2035 
2040 1484 2041 
1649 1488 2040 
911 2041 1484 
1637 2041 1485 
2042 1637 1668 
1649 2040 2042 
1423 2043 1656 
2043 1509 2180 
1147 2045 2044 
2045 2047 2044 
1492 2045 1147 
2047 2045 2088 
2088 2084 2086 
2046 2088 2086 
2088 2045 1493 
2046 1667 2221 
1667 2093 2096 
2101 2048 2097 
2231 2232 2235 
2058 2070 2071 
1462 2050 1642 
2052 2050 1692 
2223 1698 2224 
2272 2276 2278 
1692 1507 2052 
2052 1507 2223 
1703 2055 1535 
2315 1408 2225 
1697 2059 2064 
1689 2055 2053 
2049 2070 2058 
2064 2059 2054 
2054 2059 2056 
2053 2061 1408 
2185 2184 2187 
2056 2058 2079 
2065 2057 2059 
2057 2061 2060 
2056 2059 2060 
2057 2060 2059 
2053 2055 2061 
2060 2061 2055 
2066 1703 1535 
2062 2066 2222 
2949 2101 2111 
2054 2072 2064 
2081 2079 2071 
2073 1697 2064 
2222 2066 1686 
2059 1697 2065 
2066 2062 1703 
2232 2233 2235 
2082 2071 2067 
2068 2316 2078 
2075 2069 2074 
2070 2049 2231 
2074 2073 2064 
2070 2067 2071 
2082 2229 2080 
2071 2083 2081 
2081 2054 2079 
2073 2074 2069 
2074 2064 2072 
2069 1697 2073 
2068 2076 2072 
2069 2075 1537 
2076 2074 2072 
2076 2075 2074 
2078 2076 2068 
2401 2404 1537 
2327 2329 2090 
2076 2401 2075 
2316 2068 2317 
2506 2375 2570 
2056 2079 2054 
2058 2071 2079 
2080 2229 2317 
2072 2083 2068 
2071 2082 2083 
2072 2054 2081 
2229 2082 2067 
2082 2080 2083 
2081 2083 2072 
2080 2068 2083 
2324 2087 2085 
2084 1707 2086 
2091 2092 2090 
1101 2085 2087 
2098 2091 2086 
1101 2087 2084 
2324 2085 11 
2047 2088 2046 
2084 2088 1493 
2098 2323 2092 
2326 2434 2324 
2329 2096 2093 
2091 2093 2046 
2098 2086 1707 
2093 2091 2090 
2417 2423 2422 
2331 2434 2325 
2327 2090 2237 
2046 2093 1667 
2330 2094 2103 
2102 2101 2097 
2095 2102 2097 
1667 2096 2097 
2329 2093 2090 
2097 2096 2095 
2103 2099 2102 
2100 2097 2048 
2323 2098 1707 
2091 2098 2092 
2585 2580 2583 
2271 2266 2265 
2106 2104 2048 
2100 1691 2221 
2111 2101 2099 
2106 2112 1524 
2103 2102 2095 
2101 2102 2099 
2330 2095 2329 
2616 2094 2615 
2107 1524 1424 
2108 2107 1476 
2572 2573 2500 
2405 2406 2409 
2951 2101 2949 
2341 2181 2239 
2108 1476 1702 
1524 2107 2104 
2100 2104 2108 
2108 2104 2107 
2638 2507 2374 
2952 2268 2953 
2048 2951 2106 
2266 2271 2063 
2573 2111 2099 
2111 2109 2954 
2106 2951 2950 
2239 2112 2110 
1725 2113 1576 
2113 1723 1207 
2115 1587 1561 
1727 2351 2352 
1726 2116 1561 
2114 2115 2342 
1721 2343 1724 
1724 2343 2116 
1600 2118 1762 
1814 2464 2173 
2119 1606 1604 
1764 2118 2119 
1606 2119 2118 
2361 2122 2124 
1764 2120 2125 
1733 2121 1604 
2132 2121 1597 
2242 2244 2117 
2361 2243 2244 
2120 2126 2125 
2123 2126 2129 
2124 2132 2243 
2125 2126 2123 
2120 2132 2126 
2125 2123 2127 
2122 2130 2124 
2130 2128 2129 
2123 2134 2127 
2134 1773 2135 
2439 2122 2242 
2131 1773 2134 
2130 2129 2126 
2129 2128 2131 
2124 2130 2126 
2130 2122 2169 
2128 2137 2131 
2138 1773 2131 
2243 2132 1597 
2126 2132 2124 
2133 1758 1762 
1764 2127 2133 
2131 2134 2123 
2135 1773 1775 
1779 2245 1775 
2127 2134 2135 
2150 2169 2174 
2136 2140 2138 
2137 2128 2462 
2138 2137 2136 
2467 2468 2167 
1813 1815 2139 
1815 1780 2139 
1784 2143 1780 
2140 2136 2153 
2139 2146 1813 
2468 2175 2463 
2146 2141 1813 
2136 2137 2462 
2166 2473 2477 
1784 2144 2143 
2145 1775 1773 
2144 1784 1786 
1775 2143 2144 
2138 2145 1773 
2139 2143 2145 
2138 2146 2139 
2141 2146 2140 
2148 2147 1812 
2141 2147 1813 
1807 2148 1812 
1813 2148 1815 
2478 2360 2528 
1810 2496 2151 
2175 2153 2136 
2466 2365 2173 
2153 2175 2467 
2538 2534 2474 
2168 2249 1809 
2539 2468 2534 
2141 2140 2477 
2170 2365 2151 
1771 2155 2154 
1794 2161 2156 
1787 2155 1771 
2156 2155 1794 
1789 2157 1787 
2156 2154 2155 
1792 2159 2158 
2246 2160 2162 
1794 2157 2158 
1793 2159 1792 
1796 2159 1798 
1794 2158 2161 
2162 1785 2161 
2246 2162 1796 
2161 2158 2162 
2162 2160 1785 
1780 1803 2164 
2461 2440 2362 
1803 1806 2164 
2535 2174 2438 
2547 2447 2452 
1809 2249 2152 
2461 2629 2679 
1003 2497 2528 
1808 2248 2168 
2169 2128 2130 
2547 2673 2448 
1808 1811 1812 
2176 1751 1765 
1630 2176 1766 
2445 2362 2441 
2440 2163 1798 
2484 2481 2479 
1809 1808 2168 
1811 1809 1795 
2171 2176 2257 
2173 2250 1814 
2250 2173 2253 
2462 2150 2463 
2549 2466 2471 
2169 2150 2462 
2256 2176 2171 
1128 1917 2178 
2179 2177 1057 
1905 1911 2258 
2368 2178 2261 
2201 1377 1838 
2177 2179 1835 
1859 2180 1509 
1863 2180 1839 
2263 1536 1534 
1433 2182 1530 
1842 2183 2181 
2181 2183 2182 
2185 2183 1842 
2190 2185 2187 
2184 2185 2188 
2233 2232 1662 
2188 1842 2186 
2234 2187 2184 
2341 2955 1842 
2230 2266 2229 
2264 2187 2234 
1846 2191 1844 
1842 2188 2185 
2188 2186 2267 
2267 2265 2266 
2067 2231 2230 
2185 2190 2183 
2264 2191 2187 
1530 2190 2191 
2187 2191 2190 
2274 2277 2273 
2277 1489 2192 
1429 1853 2282 
2283 2284 2286 
2197 2305 2310 
1657 1853 2195 
1853 1682 2195 
1682 1299 2196 
2196 1469 2304 
1682 2196 2195 
2307 2306 2197 
2306 2198 2195 
2306 2195 2194 
2198 1675 2297 
2299 2301 2199 
1850 2290 2377 
2298 2289 2199 
1865 2200 1861 
2179 2201 1835 
1837 2201 1838 
2200 2203 1861 
2203 2199 2202 
2291 2290 1851 
2204 2203 2202 
2204 2202 2311 
2204 1876 1881 
2205 1913 1895 
2206 2205 1912 
2209 1912 2311 
2211 2206 1904 
2382 2298 1850 
2207 2303 2390 
2379 2300 1297 
1297 2392 2303 
2311 2301 2209 
2207 2208 2209 
2393 2389 2210 
2218 2219 2393 
2211 1904 2212 
1920 2205 2211 
2212 1904 2219 
2212 1986 2217 
2259 1911 2394 
2312 2394 2038 
2214 1932 1964 
1948 2214 1946 
1970 1983 2215 
1982 2216 2215 
2022 1919 2216 
1934 2217 1953 
2212 2217 1916 
2218 2944 1973 
1986 2212 2219 
2391 1904 2208 
2389 2219 2391 
1966 2220 2001 
2028 2220 1991 
2044 2221 1691 
2046 2221 2047 
2232 2222 1662 
2062 2222 2049 
2224 1698 1704 
2052 2223 2051 
2053 2315 1704 
2051 2223 2224 
2274 2314 1489 
2313 2314 2274 
2271 2321 2063 
2316 2318 2078 
2324 2323 1707 
2075 2401 1537 
2401 2076 2078 
2078 2318 2227 
2230 2229 2067 
2317 2229 2063 
2067 2070 2231 
2267 2266 2189 
2049 2222 2232 
2189 2230 2231 
1662 1685 2233 
2049 2232 2231 
1420 2234 2233 
2234 2184 2235 
2234 1420 2264 
2235 2184 2189 
2231 2235 2189 
2233 2234 2235 
2237 2092 2331 
2419 2238 2327 
2090 2092 2237 
2339 2333 2336 
2236 2416 2413 
2327 2237 2524 
2341 2239 2110 
2181 2262 2263 
2345 2356 1721 
2342 2344 1727 
2353 2358 2352 
2360 2437 2525 
2117 2435 2242 
2435 2439 2242 
1738 2243 1597 
2244 2243 1737 
2117 2244 1737 
2361 2242 2122 
1765 2245 1763 
2127 2245 1758 
2163 2246 1796 
10 2160 2246 
2441 2362 2440 
2363 2454 2445 
2147 2248 1812 
1814 2168 2248 
2168 2250 2249 
2462 2128 2169 
2250 2168 1814 
2253 2252 2249 
2455 2170 2364 
2152 2249 2252 
2253 2249 2250 
2251 2455 2546 
2466 2173 2464 
2251 2252 2253 
2537 2463 2366 
2466 2549 2151 
1824 2255 1833 
1759 2255 1832 
1761 2256 1759 
2176 2256 1751 
1782 2257 1630 
1833 2257 1631 
1911 2259 2258 
2370 2213 2367 
2394 1911 1926 
2213 2396 2367 
2498 2260 1077 
2368 2261 2371 
2370 2258 2259 
2371 2370 2367 
2263 2262 1512 
2182 2262 2181 
1536 2263 1512 
2181 2263 2239 
2264 1420 1436 
2191 2264 1844 
2265 2267 2270 
2269 2271 2270 
2229 2266 2063 
2189 2266 2230 
2188 2267 2189 
2270 2267 2186 
2110 2950 2953 
2950 2112 2106 
2268 2372 2269 
2320 2318 2226 
2953 2270 2186 
2269 2270 2268 
2270 2271 2265 
2321 2271 2269 
2276 1695 1694 
2277 2192 2278 
1694 2051 2273 
2274 2273 2051 
2051 2224 2313 
2273 2277 2278 
2310 2305 1467 
1037 2275 2192 
1695 2276 2272 
1489 2277 2274 
2278 2192 2275 
2272 2278 2275 
2273 2278 2276 
2280 2279 1525 
2285 2279 2193 
1466 2280 1525 
2283 2280 1429 
2297 2293 2295 
2378 2288 2376 
1657 2282 1853 
2283 2282 2281 
2284 2283 2281 
2283 2193 2280 
2379 1297 2303 
2285 2286 2287 
2193 2286 2285 
2284 2287 2286 
2283 2286 2193 
2381 2383 2288 
2377 2291 2287 
1417 2285 2287 
2281 2292 2284 
2381 2382 2383 
2203 2298 2199 
2299 2199 2289 
2299 2303 2207 
2388 2384 2386 
1417 2287 2291 
2290 2302 1851 
2293 2294 2295 
2298 2203 2200 
2295 2294 2281 
2281 2294 2292 
2292 2296 1646 
2282 2295 2281 
2295 1657 2297 
2198 2297 1657 
2294 2293 2296 
2293 2297 1675 
2302 2298 2200 
2380 2300 2379 
2301 2299 2207 
2379 2299 2289 
2210 2392 1297 
2209 2301 2207 
2199 2301 2202 
1851 2302 2200 
1850 2302 2290 
2305 1647 1467 
2367 2396 4 
2196 2304 2194 
2198 2309 1675 
2194 2304 2305 
2309 2198 2306 
2308 2307 2197 
2310 2275 1037 
2275 2310 1467 
2310 2308 2197 
2306 2307 2309 
2308 2310 1037 
2204 2311 1868 
2301 2311 2202 
2394 2396 2213 
1408 2315 2053 
2051 2313 2274 
2313 2225 2314 
2313 2315 2225 
2317 2068 2080 
2318 2316 2226 
2321 2317 2063 
2316 2317 2226 
2321 2319 2320 
2412 2406 2407 
2373 2269 2372 
2570 2374 2506 
2321 2320 2226 
2402 2320 2319 
2321 2226 2317 
2319 2321 2269 
2402 2318 2320 
2402 2407 2318 
2087 2324 1707 
2627 2429 2433 
2326 2332 2333 
2332 2326 2324 
2325 2523 2524 
2326 2236 2413 
2325 2524 2331 
2329 2327 2238 
2325 2434 2413 
2413 2430 2325 
2663 2330 2329 
2096 2329 2095 
2095 2330 2103 
2663 2329 2238 
2323 2331 2092 
2430 2413 2416 
2426 2332 11 
2324 11 2332 
2757 2754 2756 
2236 2333 2339 
2761 2736 2760 
2339 2336 2432 
2416 2421 2424 
2742 2741 2748 
2333 2236 2326 
2670 2719 2723 
2423 2417 2520 
2729 2428 2724 
2670 2724 2428 
1424 2340 1534 
2112 2340 1524 
2955 2341 2110 
2181 2341 1842 
2116 2342 2115 
2344 2342 2356 
2345 1562 2240 
2356 2345 2240 
2345 1721 1722 
2346 2344 1554 
2347 2355 2350 
2356 2342 2343 
2350 2346 2349 
2354 1735 2353 
2346 1554 2349 
2114 2352 1586 
1554 2347 2349 
2349 2347 2350 
2355 2347 1740 
2354 2350 2241 
2350 2351 2346 
2351 2348 2352 
2352 2114 1727 
2353 2352 2348 
2354 2353 2348 
1735 1736 2358 
2350 2354 2348 
2354 2241 2359 
2529 2241 2355 
2241 2350 2355 
2356 2343 1721 
2240 2344 2356 
1734 2358 1736 
2344 2240 2357 
2352 2358 1586 
2354 2359 1735 
2526 2241 2529 
2117 2359 2526 
1814 2465 2469 
2243 2361 2124 
2242 2361 2244 
1781 1800 2441 
2247 2631 2629 
2443 2442 1795 
2446 2443 1809 
2569 2151 2567 
2152 2459 2456 
2251 2365 2170 
2173 2365 2253 
2150 2174 2535 
2150 2366 2463 
1077 1036 2941 
4 2260 2371 
2499 2368 2369 
1057 2369 887 
2368 2498 2941 
2367 4 2371 
2258 2370 2261 
2371 2260 2498 
2261 2370 2371 
2952 2372 2268 
2373 2372 2105 
2570 2571 2500 
2269 2373 2319 
2612 2614 2513 
2375 2402 2319 
2571 2373 2105 
2409 2406 2509 
2384 2388 2378 
2288 2383 2376 
2291 2377 2290 
2386 2387 2284 
2383 1850 2385 
2387 2287 2284 
2299 2379 2303 
2380 2379 2289 
2289 2298 2382 
2288 2300 2381 
2300 2380 2381 
2382 2381 2380 
2382 2380 2289 
2382 1850 2383 
2385 1850 2377 
2385 2376 2383 
2377 2384 2385 
2386 2284 2292 
2376 2385 2384 
1646 2386 2292 
2384 2377 2387 
2384 2387 2386 
2377 2287 2387 
2208 2207 2390 
2386 1646 2388 
2393 2210 1939 
2392 2390 2303 
2390 2389 2391 
1904 2391 2219 
2390 2391 2208 
2210 2389 2392 
2392 2389 2390 
2218 2393 1939 
2219 2389 2393 
2259 2394 2213 
2038 2394 1926 
2036 2395 2035 
2501 2502 2397 
2398 2312 2395 
2962 1984 2959 
2034 2037 2502 
2396 2505 2693 
2034 2398 2395 
2691 2763 2935 
2959 2961 2714 
2687 2399 2501 
2504 2694 2660 
2505 2312 2398 
2405 2078 2227 
2227 2406 2405 
2401 2078 2405 
2402 2077 2407 
2404 2401 2405 
2403 1537 2404 
2227 2407 2406 
2404 2405 2409 
2506 2507 2621 
2409 2403 2404 
2318 2407 2227 
2412 2407 2077 
2507 2597 2621 
2509 2411 2511 
2511 2411 2621 
2410 2403 2409 
2077 2402 2506 
2409 2509 2508 
2622 2509 2511 
2506 2412 2077 
2509 2412 2411 
2517 2515 2431 
2424 2433 2430 
2599 2587 2640 
2089 2425 2422 
2516 2421 2422 
2657 2686 2656 
2339 2417 2514 
2626 2415 2515 
2521 2339 2432 
2422 2423 2089 
11 2427 2720 
2426 2336 2333 
2520 2521 2519 
2515 2425 2431 
2433 2424 2415 
2661 2238 2419 
2416 2236 2514 
2421 2514 2417 
2417 2422 2421 
2420 2089 2423 
2516 2515 2424 
2515 2517 2626 
2332 2426 2333 
2697 2724 2670 
11 2720 2426 
2428 2432 2670 
2519 2522 2520 
2668 2415 2626 
2429 2664 2523 
2424 2430 2416 
2430 2429 2523 
2089 2431 2425 
2516 2425 2515 
2432 2336 2719 
2432 2428 2521 
2627 2433 2415 
2430 2433 2429 
2324 2434 2323 
2413 2434 2326 
2241 2526 2359 
2536 2439 2435 
2437 2526 2488 
2528 2527 1003 
2117 2437 2435 
2529 2488 2526 
2525 2528 2360 
2462 2175 2136 
2536 2435 2360 
2439 2438 2174 
2441 2440 1781 
2629 2461 2362 
2442 2441 1797 
2445 2441 2363 
1804 2442 1797 
2443 1795 1809 
2446 1809 2152 
2363 2442 2443 
2447 2547 2453 
2443 2450 2363 
2363 2450 2454 
2362 2445 2247 
2456 2446 2152 
2443 2446 2444 
2631 2247 2676 
2458 2453 2547 
2444 2458 2449 
2444 2456 2458 
2546 2252 2251 
2444 2449 2450 
2445 2454 2247 
2444 2446 2456 
2364 2460 2455 
2847 10 2845 
2457 2460 2451 
2460 2457 2453 
2768 2680 2785 
2364 2633 2635 
2450 2449 2454 
2454 2449 2672 
2170 2455 2251 
2458 2459 2453 
2449 2458 2448 
2453 2457 2447 
2252 2546 2152 
2458 2456 2459 
2459 2460 2453 
2460 2364 2451 
2546 2460 2459 
2675 1799 2731 
2457 2451 1816 
2489 2956 2490 
2493 2496 1810 
2153 2467 2166 
2469 2465 2172 
2149 2485 2172 
2471 2466 2464 
2476 2149 2167 
2141 2465 2147 
2469 2464 1814 
2468 2467 2175 
2537 2534 2468 
2553 2551 2552 
2537 2533 2534 
2166 2167 2149 
2485 2149 2475 
2475 2149 2476 
2479 2470 2475 
2469 2471 2464 
2470 2481 2549 
2532 2535 2478 
2472 2254 2475 
2477 2172 2141 
2166 2149 2473 
2497 1003 2487 
2541 2957 2956 
2479 2475 2254 
2485 2469 2172 
2167 2472 2476 
2475 2476 2472 
2166 2477 2153 
2172 2477 2473 
2488 2525 2437 
2535 2532 2533 
2472 2539 2544 
2483 2484 2479 
2493 2494 2553 
1810 2481 2484 
2549 1810 2151 
2470 2479 2481 
2483 2479 2254 
2550 2483 2490 
2529 1740 2486 
2254 2489 2483 
2484 2493 1810 
2489 2490 2483 
2475 2470 2485 
2471 2485 2470 
2497 2487 2530 
2530 2532 2497 
2478 2528 2497 
2487 2165 2531 
2474 2530 2531 
2493 2484 2494 
2541 2956 2542 
2480 2550 2492 
2491 2553 2552 
2574 2958 2582 
2483 2494 2484 
2490 2142 2492 
2559 2560 2564 
2550 2494 2483 
2550 2551 2494 
2556 2558 2559 
2559 2564 2568 
2568 2493 2491 
2564 2565 2568 
2486 2488 2529 
2532 2530 2474 
2941 2498 1077 
2371 2498 2368 
2177 2499 1057 
2178 2368 2499 
2572 2500 2571 
2109 2111 2573 
1998 2688 2715 
2694 2689 2660 
2034 2502 2501 
2398 2399 2505 
2399 2503 2695 
2659 2689 2687 
2687 2501 2397 
2312 2505 2396 
2398 2501 2399 
2412 2506 2411 
2099 2577 2573 
2665 2667 2624 
2512 2511 2408 
2508 2509 2622 
2509 2406 2412 
2512 2510 2622 
2410 2508 2322 
2410 2409 2508 
2597 2507 2638 
2623 2508 2622 
2512 2602 2603 
2642 2596 2606 
2570 2576 2374 
2416 2514 2421 
2339 2514 2236 
2424 2515 2415 
2421 2516 2424 
2422 2425 2516 
2431 2414 2517 
2414 2518 2626 
2328 2646 2657 
2624 2664 2665 
2420 2520 2522 
2423 2520 2420 
2521 2520 2417 
2521 2417 2339 
2428 2519 2521 
2523 2419 2524 
2519 2418 2522 
2430 2523 2325 
2327 2524 2419 
2331 2524 2237 
2529 2355 1740 
2528 2525 2527 
2117 2526 2437 
2531 2530 2487 
2525 2436 2527 
2478 2535 2536 
2436 2488 2486 
2525 2488 2436 
2533 2532 2474 
2531 2165 2538 
2497 2532 2478 
2533 2474 2534 
2533 2366 2535 
2474 2531 2538 
2167 2539 2472 
2150 2535 2366 
2535 2438 2536 
2439 2536 2438 
2360 2478 2536 
2463 2537 2468 
2533 2537 2366 
2540 2142 2956 
2544 2545 2541 
2468 2539 2167 
2545 2534 2538 
2541 2538 2543 
2538 2165 2543 
2542 2489 2254 
2254 2472 2542 
2544 2542 2472 
2165 2540 2543 
2543 2540 2957 
2539 2534 2545 
2542 2544 2541 
2541 2545 2538 
2539 2545 2544 
2460 2546 2455 
2152 2546 2459 
2452 2673 2547 
2458 2547 2448 
2629 2362 2247 
2163 2461 2678 
2470 2549 2471 
1810 2549 2481 
2492 2550 2490 
2551 2550 2480 
2480 2482 2551 
2551 2482 2552 
2555 2561 2 
2558 2560 2559 
2493 2553 2491 
2551 2553 2494 
2558 2554 2495 
2552 2482 2556 
2364 2170 2633 
2482 2554 2556 
2 2561 2495 
2556 2554 2558 
2555 2562 2560 
2558 2495 2561 
2552 2556 2559 
2552 2559 2491 
2563 2564 2562 
2555 2560 2561 
2558 2561 2560 
2555 2557 2562 
2563 2562 2557 
2635 2633 2632 
2151 2496 2567 
2562 2564 2560 
2565 2564 2563 
2563 2566 2565 
2568 2565 2496 
2557 2637 2563 
2569 2633 2170 
2565 2566 2567 
2569 2567 2566 
2493 2568 2496 
2559 2568 2491 
2633 2569 2566 
2151 2569 2170 
2571 2570 2375 
2576 2570 2500 
2373 2571 2375 
2572 2571 2105 
2954 2105 2952 
2573 2572 2109 
2103 2094 2575 
2500 2573 2576 
2582 2580 2581 
2374 2576 2581 
2577 2575 2574 
2099 2103 2575 
2578 2573 2577 
2573 2578 2576 
2575 2577 2099 
2577 2574 2578 
2579 2594 2591 
2576 2578 2581 
2593 2590 2605 
2600 2408 2595 
2582 2578 2574 
2583 2579 2586 
2582 2581 2578 
2581 2580 2638 
2616 2574 2575 
2579 2583 2582 
2586 2585 2583 
2580 2582 2583 
2639 2586 2589 
2600 2596 2602 
2595 2585 2584 
2585 2597 2638 
2589 2588 2639 
2584 2585 2586 
2589 2579 2591 
2605 2643 2649 
2589 2586 2579 
2596 2595 2606 
2591 2594 2613 
2591 2593 2599 
2601 2618 2648 
2591 2599 2589 
2582 2592 2594 
2593 2591 2590 
2958 2574 2616 
2513 2607 2612 
2610 2609 2605 
2599 2593 2587 
2582 2594 2579 
2614 2613 2592 
2584 2606 2595 
2408 2621 2597 
2617 2604 2653 
2512 2603 2510 
2585 2595 2597 
2408 2597 2595 
2639 2588 2712 
2643 2609 2645 
2642 2709 2710 
2589 2599 2588 
2408 2600 2512 
2595 2596 2600 
2698 2681 2703 
2640 2732 2709 
2600 2602 2512 
2640 2712 2588 
2640 2588 2599 
2602 2228 2603 
2686 2684 2656 
2612 2607 2610 
2646 2618 2645 
2639 2606 2584 
2707 2650 2708 
2686 2658 2713 
2646 2328 2647 
2705 2711 2608 
2645 2618 2643 
2610 2605 2590 
2607 2611 2645 
2610 2590 2612 
2607 2609 2610 
2658 2607 2655 
2684 2518 2414 
2613 2612 2590 
2612 2613 2614 
2591 2613 2590 
2592 2613 2594 
2592 2615 2614 
2662 2615 2094 
2592 2582 2958 
2238 2661 2662 
2094 2616 2575 
2958 2615 2592 
2643 2605 2609 
2617 2653 2652 
2710 2602 2642 
2642 2602 2596 
2933 2967 2974 
2660 2690 2717 
4 2693 2620 
2693 2694 2620 
2511 2621 2408 
2506 2621 2411 
2508 2623 2322 
2511 2512 2622 
2664 2429 2627 
2622 2510 2623 
2513 2614 2625 
2614 2615 2625 
2662 2625 2615 
2414 2626 2517 
2626 2518 2668 
2666 2668 2713 
2664 2419 2523 
2696 2723 2719 
2628 2697 2723 
2454 2672 2247 
2731 2699 2730 
2730 2677 2683 
2700 2698 2598 
2247 2672 2676 
2399 2687 2503 
1816 2635 2636 
2636 2632 2634 
2637 2632 2566 
2451 2635 1816 
2637 2557 2634 
2633 2566 2632 
2637 2566 2563 
2364 2635 2451 
2632 2636 2635 
2634 2632 2637 
2581 2638 2374 
2638 2580 2585 
2586 2639 2584 
2702 2701 2705 
2644 2705 2604 
2606 2639 2712 
2703 2681 2704 
2414 2656 2684 
2643 2598 2649 
2649 2587 2593 
2609 2607 2645 
2648 2618 2641 
2646 2645 2611 
2651 2705 2701 
2647 2641 2618 
2657 2646 2611 
2652 2653 2648 
2646 2647 2618 
2643 2601 2598 
2605 2649 2593 
2681 2698 2700 
2698 2649 2598 
2601 2648 2700 
2707 2702 2706 
2653 2604 2651 
2604 2617 2644 
2648 2641 2652 
2653 2651 2700 
2700 2648 2653 
2618 2601 2643 
2513 2669 2607 
2666 2669 2667 
2658 2657 2611 
2686 2657 2658 
2328 2657 2656 
2607 2658 2611 
2684 2686 2713 
2659 2687 2714 
2664 2661 2419 
2689 2659 2690 
2660 2689 2690 
2662 2661 2624 
2094 2330 2663 
2625 2662 2624 
2238 2662 2663 
2094 2663 2662 
2665 2664 2627 
2661 2664 2624 
2666 2665 2627 
2625 2667 2513 
2668 2666 2627 
2669 2666 2655 
2624 2667 2625 
2666 2667 2665 
2668 2627 2415 
2668 2518 2713 
2607 2669 2655 
2667 2669 2513 
2426 2720 2336 
2697 2628 2742 
2452 2671 2673 
2673 2674 2672 
2448 2672 2449 
2673 2672 2448 
2675 2674 2671 
2673 2671 2674 
2676 2630 2631 
2671 1799 2675 
2681 2700 2701 
2672 2674 2676 
2630 2676 2674 
2679 2678 2461 
2679 2677 2844 
2678 2679 2682 
2629 2631 2683 
2649 2698 2587 
2787 2782 2789 
2793 2789 2782 
2714 2687 2397 
2730 2683 2630 
2679 2683 2677 
2828 2820 2825 
2629 2683 2679 
2630 2683 2631 
2792 2793 2797 
2713 2658 2655 
2823 2836 2835 
2841 2838 2839 
2969 2688 2962 
2963 2961 2959 
2687 2689 2503 
2659 2961 2690 
2692 2690 2619 
2717 2692 2691 
2763 2691 2764 
2934 2762 1984 
2960 2921 2971 
2691 2733 2717 
2396 2693 4 
2693 2695 2694 
2695 2693 2505 
2689 2694 2503 
2399 2695 2505 
2503 2694 2695 
2427 2338 2721 
2721 2722 2696 
2741 2742 2743 
2727 2728 2729 
2843 2699 2685 
2640 2587 2703 
2630 2674 2675 
2700 2598 2601 
2701 2700 2651 
2705 2651 2604 
2707 2706 2650 
2711 2705 2644 
2707 2708 2732 
2698 2703 2587 
2681 2701 2704 
2702 2704 2701 
2703 2704 2732 
2608 2702 2705 
2650 2654 2708 
2702 2608 2706 
2704 2702 2707 
2709 2708 2654 
2732 2640 2703 
2710 2709 2654 
2709 2642 2712 
2654 2228 2710 
2710 2228 2602 
2644 3 2711 
2608 2711 3 
2709 2712 2640 
2606 2712 2642 
2713 2655 2666 
2684 2713 2518 
1998 2715 2502 
2397 2715 2969 
2400 2504 2716 
2397 2502 2715 
2717 2504 2660 
2692 2717 2690 
2504 2717 2716 
2987 2932 2718 
12 2912 2915 
2432 2719 2670 
2720 2719 2336 
2721 2720 2427 
2720 2696 2719 
2338 2739 2721 
2720 2721 2696 
2751 2736 2741 
2743 2722 2744 
2696 2722 2723 
2722 2628 2723 
2670 2723 2697 
2737 2727 2726 
2728 2418 2729 
2729 2519 2428 
2737 2726 2337 
2724 2697 2727 
2726 2727 2697 
2729 2724 2727 
2727 2725 2728 
2418 2519 2729 
2731 2730 2630 
2841 2849 2843 
2675 2731 2630 
2699 2731 1799 
2707 2732 2704 
2709 2732 2708 
1984 2762 2959 
2400 2716 2733 
2764 2619 2963 
2930 2914 2926 
2334 2747 2753 
2721 2739 2722 
2726 2748 2337 
2337 2725 2737 
2727 2737 2725 
2938 2922 2983 
2935 2733 2691 
2338 2735 2739 
2744 2739 2735 
2746 2740 2758 
2759 2755 2758 
2743 2628 2722 
2746 2756 2754 
2697 2742 2726 
2743 2742 2628 
2722 2739 2744 
2741 2743 2751 
2735 2749 2744 
2749 2750 2744 
2750 2334 2753 
2750 2753 2756 
2750 2736 2751 
2976 2748 2761 
2754 2740 2746 
2757 2756 2747 
2736 2746 2760 
2742 2748 2726 
2735 2334 2749 
2749 2334 2750 
2765 2752 2978 
2750 2746 2736 
2743 2744 2751 
2750 2751 2744 
2759 2740 2769 
2775 2779 2770 
2757 2775 2754 
2748 2976 2337 
2758 2760 2746 
2750 2756 2746 
2747 2756 2753 
2747 2745 2757 
2775 2757 2745 
2759 2758 2740 
2758 2755 2760 
2769 2740 2774 
2752 2765 2767 
2755 2978 2977 
2741 2761 2748 
2736 2761 2741 
2977 2760 2755 
2965 2966 2967 
2935 2400 2733 
2764 2691 2692 
2928 2968 12 
2692 2619 2764 
2960 2971 2964 
2755 2759 2765 
2768 2787 2769 
2759 2767 2765 
2771 2979 2772 
2766 2752 2767 
2789 2771 2787 
2772 2766 2767 
2775 2774 2754 
2773 2769 2787 
2335 2778 2777 
2768 2769 2776 
2806 2796 2803 
2766 2979 13 
2767 2759 2772 
2773 2759 2769 
2771 2772 2773 
2759 2773 2772 
2754 2774 2740 
2776 2774 2770 
2779 2745 2777 
2774 2775 2770 
2774 2776 2769 
2779 2775 2745 
2776 2770 2779 
2776 2778 2768 
2777 2778 2779 
2795 2784 2780 
2776 2779 2778 
2837 2839 2840 
2778 2680 2768 
13 2979 2789 
2784 2794 2783 
2778 2335 2783 
2680 2778 2783 
2797 2785 2680 
2783 2335 2784 
2787 2785 2782 
2773 2787 2771 
2785 2787 2768 
2794 2680 2783 
2786 2790 2807 
2790 2791 2792 
2791 13 2789 
2793 2791 2789 
2801 2786 2807 
2795 2803 2788 
2782 2785 2797 
2790 13 2791 
2797 2798 2802 
2797 2793 2782 
2791 2793 2792 
2795 2794 2784 
2794 2788 2798 
2803 2795 2780 
2794 2795 2788 
2816 2812 2821 
2797 2800 2792 
2680 2798 2797 
2802 2788 2805 
2794 2798 2680 
2802 2798 2788 
2826 2980 2815 
2800 2799 2811 
2802 2800 2797 
2808 2800 2811 
2805 2809 2811 
2801 2813 2786 
2805 2788 2803 
2800 2802 2799 
2806 2804 2818 
2805 2803 2796 
2809 2805 2796 
2780 2804 2806 
2802 2805 2799 
2780 2806 2803 
2818 2804 2781 
2790 2792 2807 
2808 2792 2800 
2801 2807 2808 
2792 2808 2807 
2817 2812 2816 
2828 2826 2815 
2810 2980 2813 
2826 2814 2813 
2808 2811 2801 
2805 2811 2799 
2850 2847 2851 
2823 2548 2827 
2809 2810 2811 
2809 2815 2980 
2809 2816 2815 
2814 2827 2548 
2816 2821 2815 
2826 2827 2814 
2809 2796 2816 
2834 2830 2812 
2816 2796 2817 
2818 2796 2806 
2781 2817 2818 
2818 2817 2796 
2829 2819 2825 
2822 2833 2831 
2830 2834 2833 
2820 2829 2825 
2830 2821 2812 
2828 2821 2820 
2819 2836 2825 
2817 2834 2812 
2786 2813 2814 
2829 2820 2830 
2846 2840 2824 
2832 2835 2836 
2828 2825 2823 
2839 2836 2819 
2548 2823 2835 
2813 2980 2826 
2810 2813 2801 
2823 2827 2828 
2821 2828 2815 
2820 2821 2830 
2840 2829 2824 
2834 2781 2831 
2824 2829 2830 
2833 2822 2850 
2833 2824 2830 
2827 2826 2828 
2811 2810 2801 
2833 2834 2831 
2781 2834 2817 
2823 2825 2836 
2832 2548 2835 
2839 2819 2840 
2685 2832 2838 
2842 2844 2677 
2838 2841 2685 
2832 2836 2838 
2838 2836 2839 
2819 2829 2840 
2839 2837 2841 
2851 2848 2846 
2848 2844 2837 
2837 2842 2841 
2843 2849 2699 
2844 2842 2837 
2849 2677 2730 
2685 2841 2843 
2849 2841 2842 
2848 2837 2840 
2844 2682 2679 
2845 10 2678 
2845 2678 2682 
2850 2846 2824 
2850 2822 2847 
2848 2845 2682 
2851 2846 2850 
2844 2848 2682 
2848 2840 2846 
2677 2849 2842 
2699 2849 2730 
2833 2850 2824 
2847 2845 2851 
2848 2851 2845 
2854 498 2855 
190 498 2853 
2854 2853 498 
2855 498 316 
2857 2852 701 
316 754 2856 
2852 2854 2855 
2852 2856 326 
316 2856 2855 
947 2857 701 
2853 2857 949 
2862 2858 348 
347 2858 2868 
512 2859 342 
348 2858 2859 
2860 2862 2865 
2865 2871 2874 
2893 2871 2885 
2862 2864 2868 
2864 2862 2860 
348 2870 2871 
2876 2886 2881 
2864 2860 2867 
2868 2864 2861 
348 2865 2862 
514 2905 2910 
2870 348 339 
2869 2861 2864 
2873 2876 2863 
2873 2860 2865 
347 2868 2861 
2862 2868 2858 
2883 339 323 
2867 341 2869 
2878 2890 2867 
2873 2875 2878 
2883 2884 2885 
2888 2878 2875 
2880 341 2890 
2871 2865 348 
2875 2873 2863 
2876 2874 2886 
2875 2863 2882 
2901 2890 2888 
2873 2874 2876 
514 2909 2877 
2874 2893 2886 
2863 2876 2881 
2873 2878 2860 
2904 2892 2879 
2907 2894 2923 
2895 2913 2911 
2885 2871 2870 
2879 2892 2882 
2904 2879 2908 
2882 2863 2906 
2882 2887 2888 
339 2883 2870 
2883 2885 2870 
2883 5 2884 
2884 2866 2893 
2866 2877 2886 
2881 2886 2877 
2887 2882 2892 
2891 2897 2902 
2899 2901 2887 
2882 2888 2875 
2897 2903 2889 
2928 2916 2921 
2867 2890 341 
2900 2901 2899 
2908 2910 2907 
2897 2895 2902 
2892 2891 2902 
2871 2893 2874 
2884 2893 2885 
2889 2913 2897 
2879 2906 2908 
2899 2895 2872 
2904 2891 2892 
2920 2918 2926 
2903 2897 2891 
2912 2911 2913 
2923 2896 2907 
2872 2895 2911 
2901 2900 2880 
2887 2892 2902 
2890 2901 2880 
2899 2872 2900 
2888 2887 2901 
2895 2899 2902 
2902 2899 2887 
2904 2903 2891 
2918 2903 2896 
2906 2879 2882 
2903 2904 2896 
2895 2897 2913 
2907 2896 2904 
2863 2881 2906 
2909 2906 2881 
2894 2907 2905 
2909 2910 2906 
2904 2908 2907 
2877 2909 2881 
2909 514 2910 
2907 2910 2905 
2910 2908 2906 
2917 2918 2920 
2894 2898 2923 
2889 2918 2917 
2912 2872 2911 
2938 2919 2972 
2926 2914 2920 
2912 2913 2915 
2916 2915 2913 
2889 2917 2913 
2916 2914 2921 
2918 2889 2903 
2916 2913 2917 
510 2924 2898 
2916 2920 2914 
2927 2981 2982 
2718 12 2968 
2917 2920 2916 
510 2931 2924 
2915 2928 12 
2965 2933 2973 
2763 2919 2970 
2915 2916 2928 
2924 2923 2898 
2918 2896 2923 
2970 2919 2938 
2923 2924 2918 
2931 510 2927 
2400 2935 2738 
2924 2926 2918 
2936 2981 2925 
2925 2937 2936 
2764 2963 2973 
2738 2937 2925 
2763 2734 2919 
2931 2930 2926 
2982 2983 2930 
2924 2931 2926 
2938 2983 2936 
2963 2959 2762 
2919 2734 2933 
2914 2930 2922 
2914 2922 2971 
2965 2762 2934 
2967 2932 2987 
2763 2929 2935 
2738 2935 2929 
2929 2970 2936 
2982 2930 2931 
2738 2929 2937 
2936 2937 2929 
2964 2972 2988 
2763 2764 2734 
871 2939 862 
838 841 2940 
1085 2940 565 
882 2939 2940 
1078 2941 1036 
1176 2942 1173 
1239 2942 886 
1749 2943 1767 
1829 2943 1743 
2944 1987 2984 
2007 1997 2945 
2986 2946 2008 
2019 2947 1975 
0 2018 2948 
2986 2948 2018 
2105 2954 2572 
2112 2950 2110 
2952 2950 2949 
2950 2952 2953 
2101 2951 2048 
2950 2951 2949 
2954 2952 2949 
2372 2952 2105 
2270 2953 2268 
2955 2186 1842 
2111 2954 2949 
2572 2954 2109 
2110 2953 2955 
2186 2955 2953 
2490 2956 2142 
2956 2489 2542 
2543 2957 2541 
2540 2956 2957 
2615 2958 2616 
2962 2959 2714 
2968 2928 2921 
2988 2960 2964 
2967 2966 2932 
2690 2961 2619 
2714 2961 2659 
2969 2714 2397 
1984 2962 2688 
2961 2963 2619 
2965 2973 2762 
2968 2921 2960 
2972 2922 2938 
2973 2933 2734 
2965 2934 2966 
2965 2967 2933 
2718 2968 2960 
2972 2974 2988 
2688 2969 2715 
2714 2969 2962 
2936 2970 2938 
2763 2970 2929 
2914 2971 2921 
2922 2964 2971 
2974 2919 2933 
2922 2972 2964 
2764 2973 2734 
2762 2973 2963 
2960 2987 2718 
2919 2974 2972 
2977 2976 2761 
2976 2977 2975 
2337 2976 2975 
2760 2977 2761 
2765 2978 2755 
2752 2975 2978 
2975 2977 2978 
2772 2979 2766 
2789 2979 2771 
2809 2980 2810 
2927 2925 2981 
2927 2982 2931 
2936 2983 2981 
2930 2983 2922 
2983 2982 2981 
2984 1985 1973 
2000 2985 1914 
2009 2986 2008 
2984 1987 2985 
2948 2986 2017 
2967 2987 2974 
2974 2987 2988 
2960 2988 2987 
