2989 2 
0 10 
0 0 
10 0 
10 10 
1 7 
1 3 
2 3 
2 7 
8 7 
8 3 
9 3 
9 7 
0 5 
10 5 
2.215043e+000 2.658325e+000 
5.611342e+000 3.488697e+000 
1.682358e+000 2.196698e+000 
6.045345e+000 3.404139e+000 
9.691671e-001 2.696049e+000 
1.500000e+000 3 
2.500000e+000 0 
1.153441e+000 1.446873e+000 
1.183642e+000 2.134623e+000 
1.250000e+000 2.575758e+000 
1.334507e+000 2.387634e+000 
5 0 
1.438385e+000 2.565794e+000 
1.603287e+000 2.763869e+000 
1.250000e+000 3 
0 2.500000e+000 
1.559648e+000 2.375727e+000 
2.326835e+000 2.528927e+000 
1.912852e+000 2.140041e+000 
2.493464e+000 2.490505e+000 
1.711184e+000 2.411821e+000 
2.238903e+000 1.577358e+000 
1.438723e+000 2.223703e+000 
1.331759e+000 2.120243e+000 
1.600342e+000 2.065604e+000 
1.613331e+000 2.543693e+000 
2.190730e+000 1.925251e+000 
5.738023e-001 2.196394e+000 
2.661650e+000 2.212305e+000 
1.821052e+000 2.263757e+000 
1.183475e+000 2.292361e+000 
1.046058e+000 2.188271e+000 
1.017517e+000 2.358282e+000 
1.232538e+000 1.868267e+000 
1.925428e+000 2.377063e+000 
1.469318e+000 2.707722e+000 
1.490227e+000 2.855070e+000 
2.007671e+000 2.582117e+000 
1.449914e+000 2.029773e+000 
1.789647e+000 2.546392e+000 
2.112930e+000 2.267739e+000 
1.732649e+000 1.985559e+000 
1.149919e+000 2.449744e+000 
2.643486e+000 2.011413e+000 
2.169669e+000 2.461546e+000 
2.482177e+000 2.132521e+000 
2.090349e+000 2.082529e+000 
2.358323e+000 2.284955e+000 
2.288743e+000 2.098479e+000 
1.952251e+000 1.883717e+000 
2.577307e+000 1.820867e+000 
2.468942e+000 2.764688e+000 
2.048276e+000 2.791874e+000 
2.085791e+000 1.721380e+000 
2.397410e+000 1.922653e+000 
2.858207e+000 1.830072e+000 
2.292034e+000 1.761997e+000 
3.123701e+000 1.737862e+000 
1.634505e+000 1.486243e+000 
2.715987e+000 1.879467e+000 
1.952596e+000 1.426380e+000 
2.069833e+000 1.551016e+000 
1.843480e+000 1.658148e+000 
2.192731e+000 1.317958e+000 
2.527329e+000 2.321040e+000 
2.745055e+000 2.452666e+000 
2.266015e+000 2.892874e+000 
1.750000e+000 3 
1.874105e+000 2.002895e+000 
1.790533e+000 1.822689e+000 
2.121793e+000 2.918589e+000 
2.255216e+000 3.250000e+000 
2 5 
2 4 
2 3.500000e+000 
2 3.250000e+000 
2.223247e+000 3.070307e+000 
2.503406e+000 3.043964e+000 
2.370812e+000 3.136745e+000 
2.618108e+000 3.504772e+000 
2.460306e+000 3.343708e+000 
2.322616e+000 2.757761e+000 
2.083328e+000 3.125000e+000 
2.420331e+000 2.912451e+000 
2.736937e+000 3.230514e+000 
2.307908e+000 3.650856e+000 
1.875000e+000 2.861344e+000 
2.621672e+000 3.343445e+000 
2.287976e+000 3.449585e+000 
2.443237e+000 3.535832e+000 
2 3.750000e+000 
2.159592e+000 3.563921e+000 
2.127608e+000 3.373427e+000 
2.588047e+000 3.843327e+000 
2.474026e+000 3.709178e+000 
2.343874e+000 3.935331e+000 
1.877802e+000 2.691543e+000 
1.271727e+000 2.787879e+000 
1.125000e+000 2.880023e+000 
1.134782e+000 2.694732e+000 
1.104230e+000 1.982379e+000 
7.478017e-001 1.108531e+000 
8.106837e-001 2.236160e+000 
1.495044e+000 1.741990e+000 
1.667386e+000 1.692273e+000 
1.585396e+000 1.891529e+000 
1.801141e+000 1.496645e+000 
1.738331e+000 1.162894e+000 
1.812054e+000 1.321805e+000 
2.000553e+000 1.137799e+000 
2.795957e+000 1.222524e+000 
2.644926e+000 2.642239e+000 
3.205674e+000 2.817186e+000 
2.680047e+000 2.880402e+000 
2.941536e+000 2.677673e+000 
2.682070e+000 3.059751e+000 
2.956492e+000 2.966969e+000 
2.848711e+000 3.100405e+000 
3.262060e+000 3.324033e+000 
2.989345e+000 3.334286e+000 
2.807735e+000 3.428259e+000 
3.145615e+000 3.858767e+000 
2.803854e+000 3.691877e+000 
2.800042e+000 2.602939e+000 
3.098589e+000 2.195339e+000 
2.875765e+000 2.091679e+000 
2.910467e+000 2.308402e+000 
3.070515e+000 1.964370e+000 
3.138716e+000 2.475141e+000 
2.766688e+000 2.310508e+000 
2.926627e+000 1.956872e+000 
3.006921e+000 1.829939e+000 
2.932373e+000 1.615297e+000 
3.707290e+000 1.994393e+000 
3.059714e+000 2.343693e+000 
2.948917e+000 2.492386e+000 
2.723074e+000 1.663215e+000 
3.287226e+000 1.271976e+000 
3.385892e+000 2.043226e+000 
2.486274e+000 1.590481e+000 
2.783676e+000 1.446866e+000 
3.150387e+000 1.485587e+000 
3.213093e+000 2.064230e+000 
3.277308e+000 1.871216e+000 
3.519236e+000 1.838773e+000 
2.445316e+000 1.739843e+000 
2.371286e+000 1.419985e+000 
2.460535e+000 1.056539e+000 
2.579423e+000 1.403635e+000 
2.363983e+000 1.225511e+000 
2.629708e+000 1.545346e+000 
2.218759e+000 1.030457e+000 
2.550080e+000 1.219777e+000 
3.073864e+000 1.605041e+000 
2.970685e+000 1.431621e+000 
3.543810e+000 2.000510e+000 
3.642029e+000 2.437842e+000 
3.522500e+000 2.234992e+000 
3.306244e+000 2.261139e+000 
3.367796e+000 1.627732e+000 
4.032481e+000 1.409993e+000 
2.151555e+000 1.169301e+000 
4.632147e+000 1.658530e+000 
2.395569e+000 5.251056e-001 
3.764086e+000 2.229278e+000 
3.387351e+000 1.773556e+000 
3.815651e+000 1.672014e+000 
4.359474e+000 2.517989e+000 
2.366088e+000 7.983971e-001 
3.640989e+000 2.134734e+000 
4.264899e+000 2.662364e+000 
3.699499e+000 1.812373e+000 
3.595830e+000 1.608344e+000 
4.232798e+000 1.991631e+000 
2.050172e+000 9.632089e-001 
3.005923e+000 1.032843e+000 
1.250000e+000 0 
4.615833e+000 3.310077e+000 
3.903707e+000 1.524156e+000 
2.349651e+000 9.507596e-001 
3.974301e+000 2.492298e+000 
3.464869e+000 1.418746e+000 
3.771124e+000 1.414440e+000 
3.970370e+000 2.055088e+000 
3.900547e+000 1.860507e+000 
4.077084e+000 1.667631e+000 
4.073733e+000 1.908179e+000 
4.607012e+000 1.479368e+000 
4.264853e+000 1.502444e+000 
3.818633e+000 2.401198e+000 
3.997878e+000 2.273463e+000 
3.312481e+000 1.475001e+000 
3.730682e+000 1.554067e+000 
3.889201e+000 1.280553e+000 
3.823643e+000 2.090567e+000 
5.255689e+000 2.529699e+000 
4.131179e+000 2.145752e+000 
4.551763e+000 2.312500e+000 
4.240335e+000 2.393110e+000 
4.358846e+000 2.185302e+000 
3.766553e+000 9.874381e-001 
3.341317e+000 1.092010e+000 
3.750000e+000 0 
3.996354e+000 1.137773e+000 
3.849096e+000 1.112068e+000 
3.617589e+000 1.387639e+000 
2.885150e+000 9.240830e-001 
3.729211e+000 1.201363e+000 
3.166547e+000 1.057642e+000 
3.525010e+000 9.221007e-001 
4.089153e+000 2.393985e+000 
4.760486e+000 1.786045e+000 
4.393441e+000 2.342728e+000 
4.520706e+000 2.579572e+000 
4.230384e+000 2.249738e+000 
3.274854e+000 9.162375e-001 
4.601268e+000 2.027524e+000 
4.514431e+000 2.159227e+000 
4.417862e+000 2.001075e+000 
4.338336e+000 1.741492e+000 
4.183720e+000 1.789414e+000 
2.713808e+000 4.547095e+000 
2.189350e+000 3.810357e+000 
2.175330e+000 3.985709e+000 
2.340126e+000 4.229921e+000 
2 4.500000e+000 
2.624564e+000 4.153162e+000 
1.396938e+000 1.874035e+000 
1.246609e+000 1.561527e+000 
1.323456e+000 1.716972e+000 
0 1.250000e+000 
2.036488e+000 1.292046e+000 
2.848382e+000 2.827524e+000 
3.036436e+000 2.817801e+000 
3.191248e+000 3.075351e+000 
3.134999e+000 3.576410e+000 
2.966614e+000 3.512832e+000 
2.637410e+000 3.671361e+000 
3.121890e+000 2.656011e+000 
3.400318e+000 2.590694e+000 
3.274205e+000 2.679197e+000 
3.511319e+000 2.882970e+000 
3.433120e+000 2.403126e+000 
3.294837e+000 2.475595e+000 
3.047354e+000 1.190001e+000 
3.500948e+000 1.191163e+000 
4.543852e+000 1.816438e+000 
4.454763e+000 1.592072e+000 
4.885778e+000 1.531603e+000 
2.511223e+000 4.009451e+000 
2.838597e+000 3.970866e+000 
2.675638e+000 3.996331e+000 
2.533440e+000 4.380881e+000 
2.493479e+000 4.232799e+000 
2.744212e+000 4.333132e+000 
2.349341e+000 4.761628e+000 
2.813019e+000 4.157630e+000 
3.058293e+000 4.096089e+000 
2.499073e+000 4.599145e+000 
3.112579e+000 4.494617e+000 
2.969459e+000 4.320203e+000 
2.692334e+000 4.927472e+000 
2.254599e+000 4.524088e+000 
2.912177e+000 4.513134e+000 
3.044239e+000 4.848697e+000 
2.847609e+000 4.732313e+000 
3.026963e+000 4.661728e+000 
3.357311e+000 4.725487e+000 
3.182873e+000 4.741605e+000 
3.297825e+000 5.033692e+000 
3.197911e+000 4.904350e+000 
3.025315e+000 5.140939e+000 
2.545963e+000 4.792587e+000 
2 6 
2.424453e+000 4.924444e+000 
2.215809e+000 4.982350e+000 
2.358860e+000 4.620168e+000 
2.365416e+000 4.396791e+000 
2.873742e+000 4.912456e+000 
2.685939e+000 4.708165e+000 
2 5.500000e+000 
2.118850e+000 5.125000e+000 
2 5.250000e+000 
2.384368e+000 5.184853e+000 
2.345725e+000 5.045615e+000 
1.445439e+000 1.549043e+000 
1.320588e+000 1.150191e+000 
1.474635e+000 1.320937e+000 
1.643391e+000 1.303496e+000 
1.267487e+000 1.352961e+000 
1.006439e+000 1.432157e+000 
1.146944e+000 1.707516e+000 
9.702494e-001 1.702542e+000 
1.530708e+000 1.115484e+000 
1.333038e+000 5.721652e-001 
1.715609e+000 7.840714e-001 
7.950888e-001 2.498786e+000 
7.411884e-001 1.924713e+000 
1.380969e+000 8.623444e-001 
1.671599e+000 9.768038e-001 
1.512077e+000 9.556472e-001 
1.859026e+000 9.182110e-001 
1.875000e+000 0 
1.992603e+000 7.792750e-001 
1.851864e+000 6.521861e-001 
2.182881e+000 7.197694e-001 
1.604646e+000 5.331057e-001 
2.209301e+000 5.351128e-001 
2.319114e+000 6.550938e-001 
8.722788e-001 2.859417e+000 
7.452097e-001 2.718243e+000 
1.900580e+000 4.951021e-001 
1.850734e+000 3.383729e-001 
2.031086e+000 5.951865e-001 
2.555080e+000 2.983961e-001 
6.682039e-001 2.359475e+000 
8.257765e-002 2.656250e+000 
3.660833e-001 2.425498e+000 
5.720426e-001 2.574498e+000 
5.065843e-001 2.344167e+000 
0 2.187500e+000 
8.702590e-001 2.371473e+000 
9.092237e-001 2.038446e+000 
9.047013e-001 1.864129e+000 
7.126772e-001 2.094552e+000 
6.278406e-001 2.947666e+000 
1.057175e+000 1.834317e+000 
0 3.750000e+000 
2.950442e-001 2.969503e+000 
5.592968e-001 2.766031e+000 
0 2.812500e+000 
3.453522e+000 3.365002e+000 
0 1.875000e+000 
0 3.125000e+000 
4.777269e-001 3.206756e+000 
1.892556e-001 2.812575e+000 
3.121955e+000 3.229504e+000 
3.007370e+000 3.118312e+000 
3.128937e+000 3.415184e+000 
3.688641e+000 3.696971e+000 
3.000358e+000 3.722850e+000 
2.982239e+000 3.887793e+000 
3.336138e+000 2.953962e+000 
3.375972e+000 2.800621e+000 
3.531990e+000 3.185616e+000 
3.361372e+000 3.131246e+000 
3.485451e+000 3.036766e+000 
3.819801e+000 3.013930e+000 
3.655358e+000 3.065344e+000 
3.841564e+000 3.372222e+000 
3.708358e+000 3.243116e+000 
3.620854e+000 3.466671e+000 
3.784367e+000 3.543668e+000 
4.249769e+000 3.603670e+000 
3.990599e+000 3.778982e+000 
4.022956e+000 3.528001e+000 
3.851990e+000 3.692432e+000 
3.777840e+000 3.965446e+000 
3.407950e+000 3.654465e+000 
4.170741e+000 3.172421e+000 
4.102981e+000 3.665895e+000 
4.334909e+000 4.008763e+000 
4.185301e+000 3.860087e+000 
3.558212e+000 3.610236e+000 
4.038781e+000 3.326077e+000 
3.902632e+000 3.188706e+000 
4.256508e+000 3.379569e+000 
4.043524e+000 4.152363e+000 
4.162036e+000 3.488880e+000 
4.407347e+000 3.195787e+000 
4.465797e+000 3.498014e+000 
4.027703e+000 3.964164e+000 
4.172554e+000 4.046752e+000 
4.335577e+000 4.377549e+000 
4.215680e+000 4.231067e+000 
3.960037e+000 4.562622e+000 
4.049386e+000 4.367180e+000 
4.313636e+000 2.935080e+000 
4.410280e+000 3.351985e+000 
5.047093e+000 3.808220e+000 
4.464941e+000 3.769940e+000 
4.186124e+000 4.547837e+000 
3.686853e+000 4.319587e+000 
4.298565e+000 3.087693e+000 
4.676678e+000 2.951780e+000 
4.785233e+000 3.599171e+000 
4.338262e+000 3.855778e+000 
4.398340e+000 3.633766e+000 
4.191417e+000 4.401754e+000 
4.719582e+000 4.865297e+000 
3.878494e+000 4.264355e+000 
3.825114e+000 4.439228e+000 
3.740180e+000 4.144529e+000 
3.682166e+000 4.730994e+000 
3.398123e+000 4.135983e+000 
3.893535e+000 4.083277e+000 
3.630283e+000 4.524673e+000 
3.796416e+000 4.606069e+000 
3.952312e+000 4.863350e+000 
3.567965e+000 4.187720e+000 
3.413378e+000 4.390549e+000 
4.584244e+000 3.120398e+000 
4.494328e+000 2.961462e+000 
4.874024e+000 3.169608e+000 
4.575873e+000 2.775239e+000 
4.720617e+000 3.195156e+000 
4.831010e+000 3.384675e+000 
4.422543e+000 2.712858e+000 
4.889991e+000 2.581066e+000 
4.705135e+000 2.633184e+000 
4.655500e+000 2.459905e+000 
4.853928e+000 2.807043e+000 
4.844643e+000 2.216590e+000 
4.712868e+000 2.309327e+000 
4.873805e+000 2.398021e+000 
5.133956e+000 2.263146e+000 
5.061363e+000 2.473674e+000 
4.981613e+000 2.287633e+000 
5.020705e+000 2.044705e+000 
4.644961e+000 3.487188e+000 
4.615935e+000 3.667391e+000 
4.791754e+000 3.859532e+000 
4.482314e+000 4.657060e+000 
3.520863e+000 4.661872e+000 
3.386389e+000 4.558193e+000 
4.083611e+000 4.716259e+000 
4.288762e+000 4.725718e+000 
4.465172e+000 4.915883e+000 
3.560497e+000 4.395078e+000 
5.364295e+000 3.379498e+000 
5.044887e+000 3.542453e+000 
5.097371e+000 2.730027e+000 
4.854661e+000 2.988842e+000 
5.174916e+000 3.045958e+000 
5.006478e+000 3.064000e+000 
5.074432e+000 2.903139e+000 
5.116507e+000 3.295935e+000 
4.812170e+000 2.007216e+000 
5.665781e+000 1.848844e+000 
4.355215e+000 4.545512e+000 
4.902214e+000 3.512004e+000 
4.956347e+000 2.707521e+000 
4.960861e+000 3.298811e+000 
5.361419e+000 2.006640e+000 
5.198379e+000 2.091168e+000 
3.622005e+000 2.673717e+000 
3.806846e+000 2.599888e+000 
4.019995e+000 2.747529e+000 
3.782752e+000 2.807865e+000 
3.929391e+000 2.887863e+000 
4.121398e+000 2.912414e+000 
4.231032e+000 2.809130e+000 
4.006699e+000 3.046351e+000 
3.542626e+000 2.548191e+000 
3.664845e+000 2.909783e+000 
3.135106e+000 1.325163e+000 
2.932020e+000 1.286378e+000 
4.321766e+000 5.381302e-001 
3.615742e+000 1.065822e+000 
3.125000e+000 0 
2.628661e+000 8.486769e-001 
2.674905e+000 1.052339e+000 
2.830016e+000 1.070154e+000 
4.224348e+000 1.645713e+000 
4.120321e+000 1.527466e+000 
4.232738e+000 1.244909e+000 
2.747174e+000 3.840593e+000 
2 4.250000e+000 
2.098403e+000 4.875000e+000 
2 4.750000e+000 
2.175977e+000 4.340151e+000 
2.155666e+000 4.162966e+000 
3.450478e+000 5.821418e+000 
2.556674e+000 5.078087e+000 
2.785822e+000 5.148080e+000 
2.902977e+000 5.057580e+000 
2.921501e+000 5.678862e+000 
2.913135e+000 5.398268e+000 
2.908509e+000 5.243135e+000 
5.747526e-001 1.511992e+000 
9.661476e-001 2.523273e+000 
1.047770e+000 9.427059e-001 
1.861920e+000 1.071748e+000 
1.523875e+000 7.188317e-001 
1.562500e+000 0 
3.092022e-001 2.165209e+000 
1.993450e-001 2.523591e+000 
1.195590e-001 2.343750e+000 
1.557431e-001 2.192196e+000 
1.966954e-001 1.975255e+000 
0 2.031250e+000 
3.396602e-001 2.018874e+000 
4.682660e-001 1.942703e+000 
0 1.562500e+000 
2.035382e-001 1.718750e+000 
1.389989e-001 1.845372e+000 
1 5 
4.170619e-001 2.571878e+000 
4.581207e-001 2.907963e+000 
1.115819e-001 2.979058e+000 
1 4 
3.401659e+000 3.895195e+000 
2.808414e-001 2.671104e+000 
3.325968e+000 3.493239e+000 
3.243370e+000 3.713713e+000 
3.536758e+000 3.783933e+000 
3.581284e+000 3.975651e+000 
3.254221e+000 4.013450e+000 
3.209543e+000 4.275024e+000 
3.348932e+000 4.266671e+000 
3.257768e+000 4.427522e+000 
5.039637e+000 1.765435e+000 
5.197533e+000 1.890033e+000 
5.396957e+000 1.474969e+000 
5.421089e+000 1.749304e+000 
5.227502e+000 1.689710e+000 
5.072567e+000 1.576232e+000 
5.355911e+000 1.616809e+000 
5.093817e+000 1.074090e+000 
5.034323e+000 1.323093e+000 
4.939278e+000 1.898908e+000 
4.897868e+000 3.726612e+000 
5.029587e+000 4.382071e+000 
4.580883e+000 3.987878e+000 
4.629945e+000 3.831084e+000 
4.828926e+000 4.158008e+000 
4.474418e+000 4.192904e+000 
4.743183e+000 4.017133e+000 
4.651106e+000 4.169706e+000 
4.757142e+000 4.424178e+000 
4.547165e+000 4.454986e+000 
4.336295e+000 4.152631e+000 
4.635425e+000 4.325568e+000 
3.233884e+000 4.593590e+000 
4.198867e+000 4.986018e+000 
4.104335e+000 4.866906e+000 
4.572981e+000 4.793044e+000 
4.686349e+000 4.619239e+000 
4.922980e+000 4.594742e+000 
4.817073e+000 4.726857e+000 
5.225925e+000 4.946095e+000 
4.967827e+000 4.936567e+000 
4.900689e+000 4.450512e+000 
5.245190e+000 4.623204e+000 
5.089712e+000 4.545266e+000 
5.080788e+000 4.757120e+000 
5.240180e+000 4.784925e+000 
5.678339e+000 4.717563e+000 
5.453008e+000 4.710581e+000 
4.942787e+000 4.795527e+000 
5.583496e+000 4.109404e+000 
5.555674e+000 5.036806e+000 
5.574716e+000 4.422249e+000 
5.561283e+000 4.855773e+000 
5.387748e+000 4.879192e+000 
5.817765e+000 4.954323e+000 
5.569521e+000 4.589909e+000 
5.396482e+000 4.500637e+000 
5.225579e+000 4.402536e+000 
5.158230e+000 4.098803e+000 
5.141198e+000 4.261913e+000 
5.000110e+000 4.164736e+000 
5.368393e+000 4.203192e+000 
5.018294e+000 3.985779e+000 
5.435235e+000 4.346928e+000 
5.312823e+000 3.673122e+000 
5.379074e+000 3.934124e+000 
5.438860e+000 4.071243e+000 
5.416181e+000 2.819257e+000 
5.251267e+000 2.885481e+000 
5.275697e+000 2.707866e+000 
5.285618e+000 3.203636e+000 
5.404981e+000 3.029817e+000 
5.977799e+000 2.954709e+000 
5.684419e+000 2.939103e+000 
5.527262e+000 2.930744e+000 
5.201125e+000 3.454181e+000 
5.424384e+000 2.291583e+000 
5.284636e+000 2.221536e+000 
4.106094e+000 2.600409e+000 
4.062801e+000 7.853991e-001 
3.405588e+000 6.778370e-001 
2.525368e+000 6.773438e-001 
2.588940e+000 4.916896e-001 
2.740867e+000 3.654634e-001 
2.935427e+000 3.313815e-001 
2.810276e+000 1.893159e-001 
2.886725e+000 6.257334e-001 
2.859447e+000 4.700153e-001 
3.095035e+000 5.089945e-001 
2.710476e+000 6.825500e-001 
2.837449e+000 7.746522e-001 
3.079845e+000 7.722474e-001 
3.194104e+000 2.594474e-001 
2.728679e+000 5.368328e-001 
3.030079e+000 6.373110e-001 
3.249101e+000 7.470685e-001 
3.082622e+000 3.596283e-001 
4.426532e+000 1.351512e+000 
4.561840e+000 8.760841e-001 
4.439620e+000 1.098268e+000 
4.371712e+000 1.221719e+000 
4.177994e+000 1.382506e+000 
2.116613e+000 4.625000e+000 
2.218891e+000 5.375000e+000 
3.288001e+000 5.408571e+000 
2.606209e+000 5.396966e+000 
2.540206e+000 5.243932e+000 
2.412332e+000 5.389834e+000 
2.492802e+000 5.841079e+000 
2.295594e+000 5.643449e+000 
2.306977e+000 5.495014e+000 
2.502226e+000 5.584886e+000 
2.722575e+000 5.584084e+000 
2.426172e+000 5.710358e+000 
2.257494e+000 5.878677e+000 
2.759529e+000 5.431361e+000 
2.865569e+000 5.540108e+000 
2.730906e+000 5.822748e+000 
2 6.500000e+000 
2 5.750000e+000 
2.602997e+000 5.716863e+000 
3.091209e+000 6.101838e+000 
2.424045e+000 6.165903e+000 
2.121943e+000 5.625000e+000 
2.948941e+000 5.913386e+000 
2.395983e+000 5.990273e+000 
2.631560e+000 6.042689e+000 
3.946891e+000 6.725349e+000 
3.181358e+000 5.767325e+000 
2.617395e+000 5.903883e+000 
2.792209e+000 5.982846e+000 
2.828690e+000 6.326332e+000 
2.766455e+000 6.159261e+000 
2.921994e+000 6.091880e+000 
2.606835e+000 6.313848e+000 
2.145416e+000 5.974716e+000 
2.224296e+000 6.637424e+000 
3.030357e+000 5.784993e+000 
2 6.250000e+000 
2.569007e+000 6.173692e+000 
5.914760e+000 6.748094e+000 
8.036440e-001 1.542628e+000 
7.628025e-001 1.732099e+000 
5.966369e-001 1.810972e+000 
4.033359e-001 1.751015e+000 
6.260779e-001 1.658527e+000 
3.376633e-001 1.522940e+000 
9.454719e-001 1.561611e+000 
7.151561e-001 1.333371e+000 
4.605293e-001 1.611054e+000 
1.699037e-001 1.551870e+000 
7.550850e-002 1.406250e+000 
3.302482e-001 1.186776e+000 
1.735677e-001 1.262493e+000 
0 6.250000e-001 
3.150407e-001 1.355275e+000 
0 9.375000e-001 
5.120215e-001 1.288117e+000 
1.701580e-001 1.055469e+000 
5.219618e-001 1.056596e+000 
0 1.093750e+000 
2.342990e-001 7.812500e-001 
1.480311e-001 9.056825e-001 
3.469660e-001 9.514815e-001 
6.250000e-001 0 
5.446049e-001 8.206750e-001 
1.088862e+000 1.575666e+000 
9.070305e-001 1.246440e+000 
1.115312e+000 1.204772e+000 
8.559048e-001 1.397191e+000 
4.519694e-001 1.425671e+000 
6.132819e-001 1.176491e+000 
4.144441e-001 6.042540e-001 
8.063772e-001 8.396762e-001 
6.650713e-001 9.512842e-001 
9.216152e-001 1.068724e+000 
1.183386e+000 1.047491e+000 
5.370231e-001 6.778835e-001 
6.802985e-001 7.639446e-001 
1.176862e+000 7.470099e-001 
1.325362e+000 7.224813e-001 
1.227182e+000 8.962288e-001 
9.832015e-001 7.596868e-001 
8.346951e-001 6.668372e-001 
5.516675e+000 2.070595e+000 
1.056765e+000 4.768397e-001 
1.452887e+000 4.416868e-001 
1.072076e+000 6.318117e-001 
5.769739e+000 1.666784e+000 
2.673280e-001 2.310719e+000 
5.500989e+000 1.903417e+000 
6.517013e-001 3.481160e-001 
5.670260e+000 2.138465e+000 
4.894006e+000 1.693724e+000 
4.784474e+000 1.302265e+000 
4.601274e+000 1.296157e+000 
4.700351e+000 1.074969e+000 
4.575826e+000 1.151974e+000 
4.896450e+000 7.907240e-001 
4.897211e+000 1.131326e+000 
4.839431e+000 9.611531e-001 
4.728057e+000 8.291388e-001 
4.375000e+000 0 
4.607346e+000 7.194729e-001 
4.348067e+000 7.290524e-001 
5.278163e+000 1.249745e+000 
4.313298e+000 4.879864e+000 
4.520952e+000 5.668337e+000 
7.623618e+000 4.488137e+000 
5.908915e+000 5.701599e+000 
5.146318e+000 3.674504e+000 
5.225943e+000 3.837264e+000 
5.758014e+000 3.699027e+000 
5.625271e+000 3.232655e+000 
5.454108e+000 3.233787e+000 
5.693059e+000 2.559660e+000 
5.615799e+000 2.747721e+000 
5.461094e+000 2.596839e+000 
5.861176e+000 2.738627e+000 
5.395448e+000 2.449898e+000 
5.582083e+000 2.402207e+000 
5.570091e+000 2.251587e+000 
5.833986e+000 2.892814e+000 
6.121935e+000 2.325231e+000 
5.937915e+000 2.498094e+000 
5.832617e+000 2.597008e+000 
3.956549e+000 9.478151e-001 
4.204610e+000 9.941330e-001 
3.402000e+000 8.309158e-001 
3.721543e+000 6.746904e-001 
3.876197e+000 7.792866e-001 
3.958801e+000 4.905164e-001 
3.973801e+000 6.510069e-001 
4.152121e+000 6.295821e-001 
2.812500e+000 0 
2.353701e+000 1.630546e-001 
2.294040e+000 3.738408e-001 
2.072546e+000 3.541191e-001 
2.187500e+000 0 
1.973645e+000 1.771308e-001 
2.031250e+000 0 
2.162640e+000 1.876478e-001 
2.412230e+000 2.934571e-001 
2.343750e+000 0 
2.656250e+000 9.283517e-002 
2.968750e+000 9.650685e-002 
2.506583e+000 1.530665e-001 
3.437500e+000 0 
3.325085e+000 4.558844e-001 
3.234365e+000 5.877170e-001 
3.434477e+000 2.410566e-001 
3.561766e+000 4.956151e-001 
3.304239e+000 1.188760e-001 
3.593750e+000 1.225069e-001 
3.831867e+000 2.234321e-001 
3.610968e+000 3.119078e-001 
3.759733e+000 4.501938e-001 
3.563354e+000 6.550149e-001 
3.458097e+000 3.883496e-001 
2.195918e+000 4.756440e+000 
2.073754e+000 5.375000e+000 
2.236256e+000 5.223035e+000 
3.102647e+000 5.327768e+000 
3.197661e+000 5.179021e+000 
3.115020e+000 5.552378e+000 
3.838260e+000 5.401703e+000 
3.350489e+000 5.622374e+000 
3.563616e+000 5.444050e+000 
3.418048e+000 5.486595e+000 
3.551465e+000 5.646051e+000 
3.721295e+000 5.554900e+000 
4.104830e+000 5.726478e+000 
3.933278e+000 5.595499e+000 
3.778486e+000 5.893545e+000 
3.625877e+000 5.805663e+000 
3.563109e+000 6.091105e+000 
4.195049e+000 5.346961e+000 
3.800379e+000 5.715696e+000 
3.948951e+000 5.824257e+000 
7.174978e+000 5.563679e+000 
3.595108e+000 6.660851e+000 
3.915608e+000 5.986561e+000 
4.168539e+000 5.973182e+000 
3.768155e+000 6.135926e+000 
3.688019e+000 6.011099e+000 
7.503008e+000 5.524154e+000 
2.678963e+000 7.103799e+000 
5.858904e+000 6.354715e+000 
3.204512e+000 7.199714e+000 
3.325577e+000 6.300853e+000 
1.930214e+000 7.347701e+000 
3.216691e+000 6.652524e+000 
5.679823e+000 6.894701e+000 
3.472715e+000 6.228109e+000 
3.325711e+000 6.032794e+000 
7.344854e+000 5.455081e+000 
3.095065e+000 6.534695e+000 
4.119464e+000 5.529475e+000 
4.017581e+000 5.380374e+000 
4.348406e+000 5.517379e+000 
3.897222e+000 5.132937e+000 
3.237745e+000 6.166780e+000 
3.079823e+000 6.366041e+000 
3.172232e+000 5.944270e+000 
3.466206e+000 5.973212e+000 
4.492710e+000 5.233310e+000 
4.317066e+000 5.727290e+000 
4.365791e+000 5.347524e+000 
4.281012e+000 5.167379e+000 
4.569913e+000 5.446729e+000 
4.086043e+000 5.184416e+000 
4.028937e+000 5.021844e+000 
4.498413e+000 5.972428e+000 
4.210550e+000 5.830755e+000 
4.424555e+000 5.079315e+000 
4.645542e+000 5.073591e+000 
5.142416e+000 5.689427e+000 
4.453240e+000 5.816199e+000 
4.810935e+000 5.015075e+000 
5.057791e+000 5.312378e+000 
4.807691e+000 5.268904e+000 
4.969011e+000 5.134957e+000 
5.093418e+000 5.035017e+000 
5.302095e+000 5.202790e+000 
4.833641e+000 5.621208e+000 
4.644792e+000 5.298968e+000 
5.384086e+000 5.051357e+000 
4.668237e+000 5.584665e+000 
4.785244e+000 5.447665e+000 
4.975218e+000 5.488205e+000 
4.990107e+000 5.645908e+000 
6.167139e+000 6.189343e+000 
4.877208e+000 5.853155e+000 
4.664789e+000 5.839676e+000 
5.094059e+000 5.907755e+000 
6.051075e+000 6.374884e+000 
5.008353e+000 5.790222e+000 
5.522606e+000 5.888152e+000 
4.833573e+000 5.990972e+000 
7.393198e+000 7.024119e+000 
6.364364e+000 3.227551e+000 
2.541152e+000 6.928236e+000 
5.305687e+000 5.840108e+000 
2.464789e+000 6.722643e+000 
5.985491e+000 6.208728e+000 
7.397636e+000 5.804877e+000 
5.756040e+000 6.628468e+000 
5.449364e+000 5.520629e+000 
5.374568e+000 6.042827e+000 
2.455837e+000 7.098383e+000 
3.310329e+000 7.082913e+000 
3.362924e+000 6.934341e+000 
3.406563e+000 6.626505e+000 
7.829466e+000 6.976819e+000 
5.447843e+000 5.711992e+000 
5.301451e+000 5.615141e+000 
5.273834e+000 5.408922e+000 
5.676380e+000 5.618121e+000 
2.926012e+000 6.524808e+000 
5.873096e+000 6.923445e+000 
3.177441e+000 6.906355e+000 
6.766389e+000 5.044673e+000 
7.467745e+000 6.801511e+000 
6.674805e+000 6.382821e+000 
2.603412e+000 6.748367e+000 
6.331721e+000 6.688889e+000 
3.482483e+000 7.270302e+000 
5.671727e+000 5.315898e+000 
5.732061e+000 5.828629e+000 
6.396257e+000 3.803757e+000 
6.476577e+000 6.265572e+000 
7.806585e+000 3.950618e+000 
1.745088e+000 7.361831e+000 
6.486607e+000 6.659868e+000 
5.877059e+000 8.423210e+000 
5.606385e+000 5.468051e+000 
5.862924e+000 5.464101e+000 
5.597645e+000 5.751565e+000 
6.012268e+000 6.032116e+000 
5.677398e+000 6.034561e+000 
6.844083e+000 5.486997e+000 
7.727477e+000 7.362063e+000 
7.491493e+000 3.843673e+000 
5.815391e+000 5.596508e+000 
5.912408e+000 5.202828e+000 
5.905860e+000 5.883972e+000 
8 5 
6.058626e+000 5.886531e+000 
6.255240e+000 6.029312e+000 
5.845305e+000 6.098018e+000 
3.673836e+000 6.494367e+000 
7.658226e+000 6.994020e+000 
3.711719e+000 8.054036e+000 
4.319991e+000 8.728421e+000 
6.241132e+000 7.468114e+000 
5.994124e+000 7.353154e+000 
2.079336e+000 7.458307e+000 
7.754880e+000 4.365624e+000 
5.820943e+000 5.320828e+000 
7.196361e+000 5.780467e+000 
7.012916e+000 6.132122e+000 
4.057645e+000 6.274247e+000 
8 6.500000e+000 
2.254994e+000 7.132082e+000 
2.203494e+000 6.954220e+000 
2.917870e+000 7.259929e+000 
6.677660e+000 5.734858e+000 
7.324224e+000 4.889932e+000 
7.605337e+000 5.312047e+000 
6.871868e+000 3.941492e+000 
7.760218e+000 5.117475e+000 
8 3.500000e+000 
7.609055e+000 3.921807e+000 
8 4.250000e+000 
5.972829e+000 5.566020e+000 
2.750365e+000 6.905881e+000 
3.021248e+000 6.732578e+000 
5.498967e+000 1.608178e+000 
8 6 
5.683793e+000 1.162853e+000 
7.725488e+000 3.815074e+000 
2 6.750000e+000 
3.941739e-001 7.637964e-001 
2.050538e-001 5.713113e-001 
0 3.125000e-001 
3.534785e-001 3.098293e-001 
6.864496e-002 4.687500e-001 
1.768665e-001 3.280015e-001 
3.125000e-001 0 
1.028071e-001 1.562500e-001 
3.285117e-001 4.685235e-001 
5.060728e-001 4.511753e-001 
1.245605e+000 3.775522e-001 
1.004331e+000 1.690839e-001 
1.255337e+000 1.888638e-001 
1.097548e+000 3.251809e-001 
8.420866e-001 4.506998e-001 
6.814447e-001 5.534012e-001 
9.375000e-001 0 
9.470700e-001 3.416438e-001 
6.686266e-001 1.717358e-001 
5.132641e-001 2.458295e-001 
3.815662e-001 1.484898e-001 
7.978135e-001 2.731345e-001 
7.812500e-001 0 
1.093750e+000 0 
8.564330e-001 1.325102e-001 
5.570593e+000 1.732312e+000 
4.903215e+000 1.386858e+000 
4.756478e+000 1.451675e+000 
4.409005e+000 3.662799e-001 
4.161978e+000 3.489469e-001 
5.975362e+000 1.996512e+000 
5.205540e+000 1.431991e+000 
5.134916e+000 1.215519e+000 
2.083203e+000 7.151555e+000 
5.605772e+000 3.876581e+000 
5.459298e+000 3.774852e+000 
5.962211e+000 4.028161e+000 
5.759989e+000 4.008813e+000 
5.876917e+000 3.853168e+000 
5.835057e+000 4.290684e+000 
5.786573e+000 4.515091e+000 
6.232700e+000 3.455790e+000 
5.733171e+000 4.166887e+000 
6.214104e+000 3.797101e+000 
6.053838e+000 3.875217e+000 
6.026524e+000 3.615719e+000 
6.477950e+000 4.867121e+000 
5.907546e+000 3.706611e+000 
6.125380e+000 4.021996e+000 
6.077255e+000 4.261189e+000 
5.718238e+000 4.382886e+000 
5.867562e+000 4.688550e+000 
5.944683e+000 4.181726e+000 
6.526498e+000 5.993040e+000 
6.385191e+000 4.198708e+000 
6.249453e+000 6.325698e+000 
6.942672e+000 4.901401e+000 
6.203193e+000 2.190364e+000 
5.981523e+000 4.468518e+000 
5.821926e+000 3.119545e+000 
5.673916e+000 3.089722e+000 
5.528724e+000 3.107914e+000 
6.087305e+000 3.214378e+000 
5.851105e+000 3.397783e+000 
5.975464e+000 3.108618e+000 
5.774809e+000 3.265135e+000 
7.500000e+000 0 
5.793389e+000 2.326242e+000 
5.869538e+000 2.142052e+000 
5.772567e+000 1.992037e+000 
6.048516e+000 2.160918e+000 
5.895166e+000 1.091148e+000 
5.957583e+000 2.300107e+000 
5.932106e+000 1.534157e+000 
6.297698e+000 2.696718e+000 
6.083331e+000 2.758239e+000 
5.981430e+000 2.644485e+000 
4.143264e+000 1.127979e+000 
4.220029e+000 8.311193e-001 
3.676619e+000 8.407687e-001 
4.687500e+000 0 
3.451685e+000 5.225292e+000 
3.313011e+000 5.266176e+000 
3.564586e+000 4.977052e+000 
3.490812e+000 4.826664e+000 
3.674198e+000 5.249454e+000 
3.445497e+000 5.072684e+000 
3.820010e+000 5.256849e+000 
6.105409e+000 7.245021e+000 
7.497012e+000 4.942368e+000 
8 5.250000e+000 
3.651952e+000 6.301809e+000 
7.530070e+000 6.018676e+000 
7.736870e+000 6.831750e+000 
5.513144e+000 7.115852e+000 
6.119819e+000 2.904416e+000 
2.174081e+000 7.298636e+000 
6.635549e+000 6.684141e+000 
7.398781e+000 7.258811e+000 
1.750000e+000 7 
5 10 
2.639640e+000 7.323499e+000 
2.705002e+000 6.520425e+000 
3.700090e+000 6.814353e+000 
3.493751e+000 6.455839e+000 
6.593156e+000 6.525401e+000 
6.033154e+000 7.043174e+000 
3.547649e+000 6.919706e+000 
3.315958e+000 6.779863e+000 
5.769109e+000 6.776236e+000 
8 4.500000e+000 
2.369091e+000 6.420693e+000 
2.407457e+000 6.593836e+000 
2.535858e+000 6.474562e+000 
7.387288e+000 5.652187e+000 
3.147395e+000 7.057056e+000 
7.766998e+000 7.215890e+000 
6.514136e+000 7.225358e+000 
7.053801e+000 5.379391e+000 
6.852147e+000 6.471022e+000 
1.617107e+000 7.496339e+000 
6.869659e+000 4.116722e+000 
2.460961e+000 6.307186e+000 
7.587506e+000 3.454985e+000 
2.142749e+000 6.754681e+000 
3.467900e+000 7.086237e+000 
7.671721e+000 5.487833e+000 
7.612360e+000 5.124275e+000 
6.718601e+000 6.934624e+000 
6.511520e+000 7.017261e+000 
7.882510e+000 7.305048e+000 
7.851238e+000 5.474427e+000 
7.780367e+000 5.818343e+000 
5.485576e+000 1.227761e+000 
6.973787e+000 5.780336e+000 
7.304633e+000 7.143638e+000 
7.487375e+000 4.037087e+000 
7.043202e+000 4.075964e+000 
6.991476e+000 5.210087e+000 
7.805417e+000 4.791936e+000 
1.500000e+000 7 
1.824460e+000 7.181960e+000 
7.918446e+000 5.875000e+000 
5.936139e+000 6.544403e+000 
2.969977e+000 6.246768e+000 
5.146392e+000 5.182790e+000 
5.143157e+000 5.518736e+000 
7.480295e+000 6.643316e+000 
5.728581e+000 5.128582e+000 
7.732833e+000 4.972015e+000 
6.031473e+000 5.360701e+000 
7.658808e+000 4.657301e+000 
7.548240e+000 6.499905e+000 
5.994421e+000 5.029318e+000 
5.968422e+000 4.845000e+000 
6.392393e+000 3.489549e+000 
7.872931e+000 4.923817e+000 
6.252547e+000 2.975710e+000 
6.856085e+000 6.218451e+000 
6.541331e+000 3.422773e+000 
8 5.500000e+000 
5.743517e+000 6.467560e+000 
3.824964e+000 6.389127e+000 
7.205506e+000 6.157422e+000 
8.500000e+000 7 
6.280706e+000 5.787483e+000 
6.353016e+000 4.514285e+000 
6.036049e+000 1.827108e+000 
7.701453e+000 6.654939e+000 
6.602138e+000 6.198569e+000 
6.017006e+000 4.626423e+000 
6.344871e+000 3.978639e+000 
7.774135e+000 6.429887e+000 
6.620870e+000 4.643883e+000 
5.590409e+000 6.518609e+000 
6.854202e+000 6.029410e+000 
6.319959e+000 4.351486e+000 
4.525183e+000 5.333252e-001 
6.190393e+000 5.517128e+000 
7.170387e+000 4.287233e+000 
6.221133e+000 4.903347e+000 
5.397897e+000 9.395242e-001 
6.734148e+000 6.144178e+000 
6.172845e+000 4.670095e+000 
7.476074e+000 4.385815e+000 
6.349401e+000 6.201686e+000 
3.714778e+000 6.999741e+000 
6.311362e+000 3.631238e+000 
6.325379e+000 6.924189e+000 
7.852286e+000 7.447803e+000 
6.984898e+000 5.588910e+000 
1.378194e+000 7.747437e+000 
3.269607e+000 6.476216e+000 
8 5.750000e+000 
7.089645e+000 5.970378e+000 
6.474337e+000 4.605137e+000 
7.045267e+000 6.308196e+000 
6.218061e+000 4.165081e+000 
7.345245e+000 6.559981e+000 
6.110852e+000 4.804553e+000 
8 6.750000e+000 
7.244034e+000 6.374044e+000 
6.174600e+000 4.431903e+000 
6.404809e+000 5.578370e+000 
3.936839e+000 6.154986e+000 
6.597838e+000 4.379817e+000 
6.690688e+000 6.008177e+000 
6.392538e+000 6.541869e+000 
3.779592e+000 6.646235e+000 
6.766673e+000 5.861842e+000 
8.019461e+000 7.254683e+000 
7.851609e+000 6.579170e+000 
7.518114e+000 6.942165e+000 
2.765252e+000 7.232613e+000 
6.485577e+000 6.810772e+000 
2.811897e+000 6.704676e+000 
7.045640e+000 5.037998e+000 
7.155918e+000 7.147176e+000 
7.592933e+000 7.431535e+000 
7.616035e+000 3.597796e+000 
7.464167e+000 4.570687e+000 
7.459256e+000 4.755877e+000 
7.760294e+000 5.353957e+000 
6.478332e+000 6.407881e+000 
6.221799e+000 6.803662e+000 
7.840655e+000 5.625000e+000 
7.366782e+000 3.909799e+000 
7.619263e+000 5.654163e+000 
6.998284e+000 4.240148e+000 
6.888850e+000 7.136254e+000 
5.885624e+000 7.103243e+000 
6.805448e+000 5.656474e+000 
6.256576e+000 7.280028e+000 
7.344109e+000 4.246524e+000 
7.305884e+000 4.474426e+000 
7.517363e+000 3.704906e+000 
7.674724e+000 4.234837e+000 
8 3.750000e+000 
7.608755e+000 4.822678e+000 
7.656734e+000 4.082500e+000 
7.213071e+000 5.016908e+000 
7.841689e+000 4.605297e+000 
7.663705e+000 5.929112e+000 
8 4.750000e+000 
7.378071e+000 5.078229e+000 
7.575304e+000 7.172271e+000 
2.855310e+000 7.078977e+000 
7.214319e+000 5.185657e+000 
7.523580e+000 4.208650e+000 
7.107900e+000 4.857119e+000 
7.280642e+000 4.710996e+000 
7.422435e+000 5.268983e+000 
7.748285e+000 3.658776e+000 
7.104589e+000 6.462049e+000 
6.361565e+000 7.123211e+000 
4.062500e+000 0 
6.243993e+000 6.484879e+000 
6.397842e+000 6.063320e+000 
3.477273e+000 6.773025e+000 
6.363914e+000 4.708963e+000 
6.198231e+000 5.901053e+000 
6.109128e+000 5.701273e+000 
6.499300e+000 5.775831e+000 
6.329903e+000 5.216454e+000 
6.271132e+000 5.640419e+000 
2.357378e+000 6.977794e+000 
8.250000e+000 7 
6.115820e+000 6.666229e+000 
3.009333e+000 6.989582e+000 
7.536657e+000 3.200437e+000 
5.563062e+000 7.147541e-001 
6.397077e+000 2.422375e+000 
5.070796e+000 8.797074e-001 
7.550380e+000 5.814390e+000 
7.486225e+000 6.219232e+000 
6.717330e+000 4.024126e+000 
8 6.250000e+000 
5.678825e+000 6.284658e+000 
6.616039e+000 5.871521e+000 
6.338856e+000 5.403311e+000 
6.194231e+000 5.316598e+000 
6.159527e+000 5.127609e+000 
6.843418e+000 5.313174e+000 
6.599502e+000 5.405068e+000 
2.365060e+000 6.822304e+000 
6.091801e+000 6.895073e+000 
6.346950e+000 2.126131e+000 
4.381958e+000 9.218414e-001 
5.473074e+000 3.598701e+000 
5.598550e+000 3.697128e+000 
5.631150e+000 1.337203e+000 
5.931609e+000 1.699249e+000 
7.338121e+000 5.945870e+000 
7.333063e+000 6.246473e+000 
7.412713e+000 6.396910e+000 
7.621406e+000 6.336551e+000 
7.728854e+000 6.076202e+000 
6.523997e+000 4.059548e+000 
6.563958e+000 3.732339e+000 
6.649505e+000 4.199258e+000 
6.595076e+000 3.902184e+000 
6.851414e+000 3.767446e+000 
8 4 
6.880490e+000 4.363026e+000 
6.736213e+000 4.321741e+000 
6.759838e+000 4.511921e+000 
7.102080e+000 4.665913e+000 
6.856967e+000 4.753360e+000 
6.951292e+000 4.543728e+000 
7.037120e+000 4.405877e+000 
7.914988e+000 6.375000e+000 
7.784688e+000 6.248795e+000 
7.887502e+000 6.120207e+000 
6.602911e+000 5.604911e+000 
6.952766e+000 5.923488e+000 
6.178573e+000 7.108185e+000 
5.225136e+000 9.599839e-001 
4.595392e+000 3.605724e-001 
4.384028e+000 1.838803e-001 
4.821672e+000 5.226306e-001 
4.675243e+000 5.782979e-001 
3.906250e+000 6.946332e-002 
4.053894e+000 1.911064e-001 
4.218750e+000 1.027835e-001 
4.107629e+000 4.875287e-001 
4.531250e+000 8.449044e-002 
3.960189e+000 3.261515e-001 
3.757892e+000 4.918302e+000 
3.701518e+000 5.080206e+000 
2.182987e+000 6.453092e+000 
7.849730e+000 6.730667e+000 
6.369570e+000 5.027228e+000 
6.567602e+000 5.044544e+000 
6.666883e+000 5.217432e+000 
6.498260e+000 5.262795e+000 
6.675200e+000 4.836035e+000 
5.076680e+000 6.302655e+000 
5.406221e+000 6.315317e+000 
5.529306e+000 6.160459e+000 
5.304546e+000 6.785246e+000 
6.730319e+000 3.564569e+000 
6.712196e+000 3.712965e+000 
6.574061e+000 3.575991e+000 
6.977839e+000 3.037833e+000 
7.151376e+000 3.450823e+000 
6.799484e+000 3.275546e+000 
6.956850e+000 3.566934e+000 
6.702297e+000 3.405076e+000 
6.971663e+000 3.370746e+000 
6.846158e+000 3.459923e+000 
6.951529e+000 3.203859e+000 
7.243876e+000 3.165090e+000 
7.118720e+000 3.282412e+000 
7.178900e+000 3.717940e+000 
7.029079e+000 3.834792e+000 
7.193692e+000 3.891378e+000 
7.262008e+000 4.071870e+000 
7.103002e+000 3.590784e+000 
6.222189e+000 3.297631e+000 
2.406029e+000 7.326645e+000 
2.500000e+000 10 
2.521585e+000 7.232295e+000 
4.476112e+000 9.245498e+000 
3.775743e+000 9.127093e+000 
4.027345e+000 6.505955e+000 
3.877956e+000 6.531036e+000 
3.965152e+000 6.379986e+000 
4.501829e+000 6.450168e+000 
4.257551e+000 6.418224e+000 
4.118817e+000 6.400081e+000 
4.274930e+000 6.183325e+000 
4.331384e+000 6.803587e+000 
4.124003e+000 6.127733e+000 
4.333588e+000 6.021625e+000 
4.395883e+000 6.310366e+000 
4.460281e+000 6.145382e+000 
4.659524e+000 6.098630e+000 
4.856993e+000 6.223355e+000 
4.597424e+000 6.281912e+000 
4.782660e+000 6.498439e+000 
4.650957e+000 6.423611e+000 
4.613173e+000 6.643432e+000 
4.156761e+000 6.677862e+000 
4.358178e+000 6.598699e+000 
4.468783e+000 6.717359e+000 
4.740128e+000 7.069362e+000 
4.522924e+000 6.956210e+000 
5.008958e+000 6.090668e+000 
5.191445e+000 6.064318e+000 
5.298981e+000 6.189691e+000 
4.921576e+000 6.388392e+000 
5.125745e+000 6.574580e+000 
4.888186e+000 6.793346e+000 
4.326710e+000 7.597903e+000 
4.704571e+000 6.872571e+000 
4.779240e+000 6.665996e+000 
4.943323e+000 6.585532e+000 
4.172232e+000 7.199822e+000 
4.311115e+000 7.025526e+000 
4.485762e+000 7.307168e+000 
4.055648e+000 6.964444e+000 
4.348160e+000 7.197525e+000 
4.512422e+000 7.132545e+000 
4.302616e+000 7.395848e+000 
3.859160e+000 7.551191e+000 
4.098115e+000 7.522697e+000 
4.076505e+000 6.810674e+000 
4.169074e+000 7.054825e+000 
3.446189e+000 7.959391e+000 
3.952693e+000 7.319371e+000 
4.140299e+000 7.362436e+000 
4.009175e+000 7.793039e+000 
3.969577e+000 7.460962e+000 
3.711134e+000 7.356687e+000 
3.997289e+000 7.139911e+000 
3.887690e+000 7.006022e+000 
3.806017e+000 7.184680e+000 
3.628019e+000 7.166161e+000 
3.990583e+000 7.637122e+000 
4.167942e+000 7.695471e+000 
4.467280e+000 8.004605e+000 
4.351893e+000 7.816842e+000 
3.968618e+000 8.080363e+000 
4.779502e+000 7.656739e+000 
4.249850e+000 8.008888e+000 
4.162357e+000 7.864342e+000 
3.527766e+000 7.496238e+000 
4.589438e+000 7.800198e+000 
6.111960e+000 8.312577e+000 
3.693463e+000 7.523715e+000 
3.733323e+000 7.796697e+000 
3.222836e+000 7.504197e+000 
4.462585e+000 7.693192e+000 
4.495687e+000 7.501472e+000 
4.740186e+000 7.391577e+000 
4.614808e+000 7.620757e+000 
5.051926e+000 8.215297e+000 
3.389877e+000 7.780441e+000 
3.372940e+000 7.409763e+000 
3.369349e+000 7.570568e+000 
1.858350e+000 7.600419e+000 
4.662216e+000 7.230484e+000 
4.780167e+000 8.052888e+000 
3.117299e+000 7.932068e+000 
4.380830e+000 8.182673e+000 
4.600492e+000 8.179297e+000 
4.435417e+000 8.389142e+000 
4.633522e+000 7.965249e+000 
4.799050e+000 7.854781e+000 
5.322774e+000 7.703099e+000 
5.011153e+000 7.974951e+000 
4.818192e+000 8.297833e+000 
4.928932e+000 8.112531e+000 
5.344120e+000 8.042097e+000 
4.634544e+000 8.375935e+000 
4.936764e+000 8.831604e+000 
4.827942e+000 8.575722e+000 
4.769648e+000 8.438652e+000 
5.164729e+000 8.072529e+000 
5.189147e+000 7.864454e+000 
4.997183e+000 7.735237e+000 
4.996546e+000 8.430691e+000 
4.961066e+000 7.494322e+000 
5.365151e+000 8.410647e+000 
5.246090e+000 8.252762e+000 
5.181116e+000 8.425593e+000 
5.302112e+000 8.774948e+000 
5.094967e+000 8.650280e+000 
5.286660e+000 8.584669e+000 
6.117520e+000 8.052987e+000 
6.442346e+000 7.871466e+000 
6.250000e+000 10 
5.968380e+000 8.062549e+000 
5.550516e+000 8.215194e+000 
6.469693e+000 7.707106e+000 
5.496882e+000 8.349953e+000 
3.795214e+000 8.505861e+000 
3.721306e+000 8.978166e+000 
5.710182e+000 8.977151e+000 
4.692232e+000 8.637812e+000 
3.452346e+000 9.244880e+000 
5.960821e+000 8.687503e+000 
5.693955e+000 8.350335e+000 
6.566375e+000 8.529788e+000 
4.620554e+000 9.257433e+000 
5.756217e+000 7.817024e+000 
2.942908e+000 7.970927e+000 
7.557782e+000 7.772023e+000 
5.699135e+000 8.039754e+000 
5.950952e+000 9.108549e+000 
5.307766e+000 8.930251e+000 
3.499127e+000 8.489471e+000 
4.166402e+000 9.398034e+000 
3.915108e+000 9.050854e+000 
2.866263e+000 7.466456e+000 
4.397005e+000 8.868231e+000 
6.716478e+000 7.880288e+000 
4.348718e+000 8.571409e+000 
5.884952e+000 8.186541e+000 
6.316689e+000 8.468208e+000 
5.868135e+000 8.571458e+000 
3.364385e+000 8.079085e+000 
5.840724e+000 8.836845e+000 
3.936982e+000 8.315553e+000 
4.171929e+000 8.668794e+000 
5.147187e+000 7.589585e+000 
5.201755e+000 7.253521e+000 
5.360750e+000 7.451799e+000 
5.120257e+000 7.412750e+000 
4.946289e+000 7.223237e+000 
4.816778e+000 7.515716e+000 
4.943388e+000 8.677706e+000 
5.124465e+000 8.835694e+000 
5.026117e+000 9.040029e+000 
5.393259e+000 8.193103e+000 
2.975202e+000 7.795201e+000 
5.521622e+000 8.040047e+000 
5.430855e+000 7.866464e+000 
5.565874e+000 7.659702e+000 
5.600599e+000 7.888227e+000 
5.526847e+000 8.588292e+000 
5.869801e+000 7.950226e+000 
6.035569e+000 7.693845e+000 
5.914324e+000 7.797232e+000 
5.804878e+000 7.564340e+000 
5.274370e+000 9.157492e+000 
4.888116e+000 7.362353e+000 
5.160099e+000 8.978680e+000 
2.661658e+000 7.689095e+000 
4.245308e+000 9.205020e+000 
5.042365e+000 9.740976e+000 
4.162957e+000 8.443345e+000 
4.791765e+000 9.331734e+000 
7.517997e+000 7.606939e+000 
5.428096e+000 7.590496e+000 
5.599129e+000 7.421749e+000 
5.711453e+000 7.677376e+000 
6.175255e+000 8.693648e+000 
6.063073e+000 8.510796e+000 
7.739216e+000 7.640962e+000 
4.977626e+000 9.300346e+000 
5.483306e+000 8.764487e+000 
4.800947e+000 8.869237e+000 
5.462096e+000 7.295234e+000 
5.063546e+000 9.181676e+000 
3.053215e+000 7.403461e+000 
4.808468e+000 9.009971e+000 
2.170029e+000 7.716595e+000 
2.262041e+000 7.458774e+000 
4.166025e+000 8.904350e+000 
3.718925e+000 8.809279e+000 
2.299136e+000 7.957985e+000 
5.625000e+000 10 
3.586671e+000 9.111367e+000 
7.908629e+000 7.135067e+000 
8.125000e+000 7.118534e+000 
8.375000e+000 7.256995e+000 
2.909442e+000 6.856173e+000 
5.698456e+000 7.082132e+000 
5.770077e+000 7.287412e+000 
5.614828e+000 7.241743e+000 
5.853553e+000 7.417573e+000 
5.988604e+000 7.526692e+000 
6.899396e+000 6.735668e+000 
7.176707e+000 6.827835e+000 
7.327999e+000 6.878499e+000 
7.381598e+000 7.473606e+000 
5.994793e+000 8.837784e+000 
4.116757e+000 8.074227e+000 
6.133847e+000 8.904135e+000 
5.706140e+000 9.326158e+000 
5.721581e+000 8.547391e+000 
2.955747e+000 8.149133e+000 
3.027834e+000 7.605060e+000 
7.196543e+000 7.554890e+000 
7.116623e+000 7.740537e+000 
6.689800e+000 7.131633e+000 
6.780522e+000 7.513150e+000 
6.685095e+000 7.334297e+000 
6.889092e+000 7.340339e+000 
6.506324e+000 7.544564e+000 
7.018440e+000 7.238143e+000 
7.193142e+000 7.352799e+000 
6.984686e+000 7.520907e+000 
6.408089e+000 7.387146e+000 
6.637221e+000 7.474724e+000 
7.047062e+000 7.384957e+000 
7.584253e+000 7.939759e+000 
4.043960e+000 9.143762e+000 
6.656609e+000 7.723059e+000 
5.861179e+000 8.986758e+000 
6.877619e+000 7.648222e+000 
5.726947e+000 8.195551e+000 
6.644088e+000 8.032160e+000 
5.435255e+000 9.019118e+000 
3.083121e+000 8.075281e+000 
3.553752e+000 8.077420e+000 
7.389670e+000 7.748057e+000 
6.343848e+000 9.437166e+000 
7.254644e+000 7.689929e+000 
7.500000e+000 10 
5.664766e+000 8.760915e+000 
6.314008e+000 7.647743e+000 
6.195588e+000 7.796413e+000 
6.163747e+000 7.604107e+000 
6.871303e+000 7.814452e+000 
4.877817e+000 9.164031e+000 
7.216580e+000 5.350895e+000 
7.152355e+000 4.515222e+000 
7.851397e+000 5.235687e+000 
7.909133e+000 4.375000e+000 
7.902914e+000 3.625000e+000 
7.797524e+000 3.442942e+000 
7.684163e+000 3.303324e+000 
7.748373e+000 3.054087e+000 
8 3.250000e+000 
7.844201e+000 3.289213e+000 
6.250000e+000 0 
4.980805e+000 5.374750e-001 
5.284162e+000 7.187775e-001 
6.161279e+000 1.989568e+000 
5.371193e+000 2.293178e-001 
5.870577e+000 1.855686e+000 
5.610478e+000 1.518151e+000 
5.903796e+000 7.170854e-001 
5.625000e+000 0 
5.328226e+000 1.090850e+000 
5.037913e+000 6.867480e-001 
5.312500e+000 0 
5.538482e+000 1.054214e+000 
6.162298e+000 1.617397e+000 
4.966072e+000 3.783315e-001 
4.782203e+000 3.387346e-001 
4.939740e+000 1.852831e-001 
4.671013e+000 1.975116e-001 
4.843750e+000 0 
4.802975e+000 1.386308e-001 
5.862592e+000 1.311962e+000 
6.440642e+000 1.804246e+000 
5.249493e+000 4.323461e-001 
5.774510e+000 1.461490e+000 
5.136087e+000 2.568215e-001 
6.334881e+000 1.948040e+000 
6.255697e+000 1.779009e+000 
5.752426e+000 9.195519e-001 
5.559366e+000 8.851061e-001 
5.176155e+000 5.865368e-001 
5.424612e+000 7.860870e-001 
5.944252e+000 9.051496e-001 
6.430642e+000 7.021335e-001 
6.168607e+000 7.585028e-001 
6.216308e+000 1.076424e+000 
6.053428e+000 1.033439e+000 
6.081465e+000 1.257287e+000 
6.421483e+000 1.370091e+000 
6.095087e+000 1.443357e+000 
6.243081e+000 1.338989e+000 
6.305523e+000 1.508031e+000 
6.534265e+000 1.582614e+000 
6.366232e+000 1.659263e+000 
7.050382e+000 1.172533e+000 
6.754267e+000 1.329676e+000 
6.595644e+000 1.413855e+000 
7.084499e+000 1.945638e+000 
6.775693e+000 1.815190e+000 
6.774775e+000 1.574547e+000 
6.610271e+000 1.745312e+000 
6.998592e+000 1.432508e+000 
6.849535e+000 1.444991e+000 
7.007550e+000 1.693982e+000 
6.860233e+000 1.694544e+000 
5.766659e+000 3.536693e+000 
6.211328e+000 2.510259e+000 
2.217911e+000 6.237644e+000 
2.102390e+000 6.128037e+000 
5.550374e+000 6.369796e+000 
5.471456e+000 6.911044e+000 
5.299127e+000 7.052768e+000 
5.496376e+000 6.704352e+000 
5.331466e+000 6.581187e+000 
5.233847e+000 6.414685e+000 
5.344073e+000 7.198560e+000 
5.093169e+000 7.076862e+000 
4.917199e+000 7.047166e+000 
5.178799e+000 6.916515e+000 
6.624952e+000 2.892829e+000 
7.368721e+000 3.528384e+000 
7.347577e+000 3.697032e+000 
7.311693e+000 3.344883e+000 
7.386498e+000 3.213981e+000 
7.429821e+000 2.855131e+000 
7.446421e+000 3.039175e+000 
7.603044e+000 2.932278e+000 
7.724254e+000 2.427065e+000 
7.616763e+000 2.668423e+000 
6.587242e+000 3.203334e+000 
6.456304e+000 3.035986e+000 
6.752423e+000 3.065853e+000 
6.398691e+000 2.856212e+000 
3.567931e+000 7.839525e+000 
2.443655e+000 7.478713e+000 
4.206555e+000 6.900990e+000 
3.853174e+000 6.852162e+000 
3.613322e+000 7.674818e+000 
3.209776e+000 7.727927e+000 
5.190623e+000 9.358456e+000 
2.819436e+000 7.674118e+000 
3.284553e+000 7.911920e+000 
2.721662e+000 8.284855e+000 
3.750000e+000 10 
5.010315e+000 9.480475e+000 
4.549107e+000 8.595534e+000 
2.552935e+000 7.804410e+000 
3.224390e+000 8.116771e+000 
3.409725e+000 8.354532e+000 
3.249925e+000 8.328741e+000 
3.448281e+000 8.197323e+000 
5.966167e+000 8.307715e+000 
3.703071e+000 8.289261e+000 
2.750457e+000 7.881729e+000 
4.317590e+000 9.682769e+000 
4.686534e+000 8.786942e+000 
4.670133e+000 9.077500e+000 
4.019992e+000 8.721783e+000 
3.664639e+000 8.649336e+000 
6.475700e+000 8.862069e+000 
4.580473e+000 8.917618e+000 
4.522669e+000 8.759555e+000 
3.994107e+000 8.562967e+000 
3.572840e+000 8.922482e+000 
8.289154e+000 7.833208e+000 
2.667330e+000 7.530709e+000 
4.153278e+000 8.217925e+000 
4.013361e+000 8.876776e+000 
3.829006e+000 8.176119e+000 
4.281105e+000 8.325354e+000 
3.860254e+000 8.901771e+000 
3.858277e+000 8.661130e+000 
4.375000e+000 10 
4.429943e+000 9.108114e+000 
3.433043e+000 8.723500e+000 
6.200437e+000 8.552361e+000 
3.199400e+000 8.965396e+000 
4.299886e+000 9.003769e+000 
2.562515e+000 8.070896e+000 
4.407551e+000 9.373190e+000 
3.650386e+000 8.439572e+000 
6.297881e+000 8.827088e+000 
6.421383e+000 8.668734e+000 
6.333418e+000 9.115884e+000 
6.268329e+000 8.977309e+000 
6.142013e+000 9.121214e+000 
6.249843e+000 9.553992e+000 
6.243486e+000 9.325753e+000 
8.033000e+000 7.683262e+000 
5.470482e+000 9.222793e+000 
5.587902e+000 9.097601e+000 
5.425303e+000 9.486085e+000 
5.158891e+000 9.505796e+000 
2.615485e+000 7.935577e+000 
6.875000e+000 10 
5.932460e+000 9.448623e+000 
6.035293e+000 9.283675e+000 
6.109933e+000 9.444736e+000 
5.748903e+000 9.138753e+000 
7.894718e+000 7.602315e+000 
6.493742e+000 9.432991e+000 
6.026649e+000 9.695596e+000 
5.864658e+000 9.257981e+000 
8.375000e+000 7.098098e+000 
8.750000e+000 7.280495e+000 
6.752959e+000 6.784222e+000 
6.785122e+000 6.619529e+000 
6.982553e+000 6.584281e+000 
7.161438e+000 6.640843e+000 
7.050594e+000 6.744013e+000 
7.002242e+000 6.953543e+000 
7.304860e+000 6.717521e+000 
7.158886e+000 6.987022e+000 
7.024343e+000 7.093801e+000 
6.857348e+000 6.990162e+000 
7.895242e+000 3.125000e+000 
5.241619e+000 1.403119e-001 
5.468750e+000 8.217824e-002 
5.707412e+000 3.463269e-001 
5.554277e+000 2.447951e-001 
5.508080e+000 4.807202e-001 
5.705095e+000 5.579109e-001 
5.393029e+000 3.803963e-001 
5.733358e+000 7.262378e-001 
6.224453e+000 3.808770e-001 
6.335274e+000 8.960350e-001 
6.705384e+000 9.576669e-001 
6.472486e+000 1.115949e+000 
6.603099e+000 1.236362e+000 
6.767779e+000 1.138684e+000 
6.898505e+000 1.243907e+000 
6.529595e+000 8.712065e-001 
6.761259e+000 6.221280e-001 
6.682875e+000 7.814969e-001 
6.987072e+000 8.321527e-001 
6.890830e+000 9.950078e-001 
6.842589e+000 7.610902e-001 
6.875000e+000 0 
6.353459e+000 1.037451e+000 
6.942299e+000 1.851527e+000 
6.783623e+000 2.245771e+000 
6.816150e+000 2.029808e+000 
6.569970e+000 2.021562e+000 
7.007188e+000 2.169012e+000 
6.695885e+000 1.941357e+000 
6.689860e+000 2.121218e+000 
6.576625e+000 2.304031e+000 
6.963182e+000 2.028715e+000 
7.407323e+000 2.182436e+000 
7.031836e+000 2.604751e+000 
6.639785e+000 2.595229e+000 
6.482268e+000 2.691568e+000 
6.386624e+000 2.573760e+000 
6.422582e+000 2.265696e+000 
7.209329e+000 2.113908e+000 
7.419222e+000 1.827765e+000 
7.222489e+000 2.396180e+000 
7.358481e+000 2.003262e+000 
7.140184e+000 2.258574e+000 
7.244401e+000 1.865518e+000 
7.672853e+000 2.013809e+000 
7.273405e+000 1.576184e+000 
7.514038e+000 2.057102e+000 
7.645664e+000 2.227015e+000 
6.551871e+000 2.461849e+000 
8.075738e+000 2.173523e+000 
7.867547e+000 2.255311e+000 
7.899364e+000 2.030431e+000 
8.120907e+000 2.594371e+000 
7.778339e+000 2.127999e+000 
7.821058e+000 1.545855e+000 
7.942499e+000 2.463494e+000 
7.802595e+000 1.797454e+000 
8.141458e+000 2.379317e+000 
7.883466e+000 2.731005e+000 
7.774555e+000 2.875250e+000 
7.792257e+000 1.938333e+000 
8.287050e+000 1.732817e+000 
8.941371e+000 2.471758e+000 
7.811739e+000 2.574908e+000 
7.972029e+000 2.610280e+000 
8.128755e+000 1.927930e+000 
8.500000e+000 3 
8.040027e+000 2.037295e+000 
8.241053e+000 2.497344e+000 
8.406663e+000 2.181233e+000 
8.333255e+000 2.344211e+000 
8.240570e+000 2.204443e+000 
8.559187e+000 2.347954e+000 
8.540215e+000 2.493348e+000 
8.738789e+000 2.445324e+000 
8.352337e+000 2.758042e+000 
8.911290e+000 1.912816e+000 
8.801440e+000 2.754664e+000 
8.874458e+000 2.195079e+000 
8.823021e+000 2.589279e+000 
10 2.500000e+000 
8.854728e+000 2.346281e+000 
8.642623e+000 2.118495e+000 
8.706530e+000 2.271632e+000 
8.464992e+000 1.925513e+000 
8.796659e+000 2.041393e+000 
8.685516e+000 1.826918e+000 
8.503065e+000 2.068710e+000 
8.502146e+000 1.712697e+000 
8.828339e+000 1.603827e+000 
9.097215e+000 1.743878e+000 
9.150047e+000 6.722403e-001 
8.846003e+000 1.744755e+000 
8.687205e+000 1.587886e+000 
8.368432e+000 1.443019e+000 
8.801522e+000 1.280832e+000 
8.383449e+000 1.603562e+000 
10 1.250000e+000 
2.264437e+000 6.083357e+000 
5.011056e+000 6.907869e+000 
5.055660e+000 6.736840e+000 
7.195201e+000 2.925136e+000 
7.299605e+000 3.028872e+000 
7.129029e+000 3.063473e+000 
7.003370e+000 2.821109e+000 
7.253812e+000 2.693408e+000 
6.819139e+000 2.883234e+000 
6.715134e+000 2.748154e+000 
6.835966e+000 2.593593e+000 
6.873799e+000 2.741100e+000 
6.945287e+000 2.399292e+000 
7.293598e+000 2.826747e+000 
7.144838e+000 2.789122e+000 
7.182117e+000 2.550699e+000 
7.434752e+000 2.673126e+000 
3.872912e+000 7.920330e+000 
1.645374e+000 7.762444e+000 
2.028024e+000 7.621391e+000 
1.924312e+000 7.929595e+000 
1.924973e+000 7.758265e+000 
2.973885e+000 8.450144e+000 
6.055238e+000 7.893873e+000 
6.279942e+000 7.962243e+000 
7.152692e+000 8.304314e+000 
5.559370e+000 8.910690e+000 
6.499380e+000 8.264443e+000 
6.295856e+000 8.181459e+000 
6.457159e+000 8.076924e+000 
6.357597e+000 8.321104e+000 
3.381986e+000 8.907970e+000 
3.339730e+000 9.092597e+000 
3.153584e+000 9.656756e+000 
3.197989e+000 9.315198e+000 
3.280940e+000 8.554206e+000 
4.299763e+000 9.509728e+000 
3.225591e+000 8.756910e+000 
2.842420e+000 8.814661e+000 
3.090494e+000 8.611112e+000 
3.042139e+000 8.839752e+000 
3.139734e+000 8.452720e+000 
3.075119e+000 8.284334e+000 
2.897168e+000 8.628441e+000 
2.931698e+000 9.139221e+000 
2.502319e+000 8.613515e+000 
2.779257e+000 8.472053e+000 
3.036671e+000 9.007834e+000 
3.158071e+000 9.140134e+000 
2.697852e+000 8.671001e+000 
2.583142e+000 8.429932e+000 
2.486646e+000 9.028111e+000 
2.169517e+000 8.357414e+000 
2.542201e+000 8.252174e+000 
2.547007e+000 8.822798e+000 
2.367412e+000 8.444538e+000 
2.376228e+000 8.141798e+000 
2.394806e+000 8.293837e+000 
2.147676e+000 8.129580e+000 
2.699130e+000 8.979051e+000 
2.111676e+000 8.806342e+000 
2.256340e+000 8.234127e+000 
1.814979e+000 8.276439e+000 
2.111624e+000 7.945117e+000 
2.868507e+000 8.982044e+000 
2.186233e+000 8.587758e+000 
2.331427e+000 8.759419e+000 
2.005671e+000 8.258158e+000 
1.933765e+000 8.511807e+000 
1.895353e+000 8.111120e+000 
1.591021e+000 8.065359e+000 
1.757059e+000 7.995985e+000 
1.723529e+000 8.149117e+000 
1.441973e+000 8.447851e+000 
1.553697e+000 8.271101e+000 
1.124719e+000 8.123629e+000 
1.362323e+000 8.130127e+000 
2.059869e+000 7.810165e+000 
2.263216e+000 8.978003e+000 
2.344198e+000 8.601382e+000 
2.081110e+000 8.479608e+000 
2.028097e+000 8.655827e+000 
2.353175e+000 9.100069e+000 
1.774430e+000 8.719074e+000 
1.237962e+000 8.330149e+000 
1.248803e+000 7.933745e+000 
2.398014e+000 8.900132e+000 
2.065579e+000 9.459876e+000 
1.102662e+000 7.694165e+000 
1.393503e+000 8.288183e+000 
1.916377e+000 8.748065e+000 
1.445728e+000 7.932425e+000 
1.599247e+000 7.910501e+000 
0 7.500000e+000 
8.721626e-001 7.534083e+000 
2.319992e+000 9.248026e+000 
2.089472e+000 8.978663e+000 
1.250000e+000 10 
1.896737e+000 8.891604e+000 
1.775502e+000 9.300309e+000 
1.228659e+000 7.781670e+000 
1.011480e+000 7.914146e+000 
0 8.125000e+000 
1.879883e+000 9.185790e+000 
9.005051e-001 7.739260e+000 
7.458035e-001 8.129061e+000 
3.415349e-001 7.735347e+000 
0 8.750000e+000 
7.485860e-001 7.655700e+000 
6.269212e-001 7.408481e+000 
6.448838e-001 8.024119e+000 
7.513773e-001 8.545437e+000 
7.395726e-001 7.851967e+000 
8.438779e-001 8.021455e+000 
1.944861e+000 9.041937e+000 
1.534959e+000 9.018453e+000 
1.740232e+000 9.024573e+000 
1.630947e+000 9.244511e+000 
1.642442e+000 8.858963e+000 
1.386797e+000 8.802642e+000 
1.557041e+000 8.646174e+000 
7.477523e-001 8.274641e+000 
1.875000e+000 10 
1.334276e+000 9.568706e+000 
1.722254e+000 8.514087e+000 
1.596140e+000 8.421615e+000 
1.375178e+000 8.619149e+000 
1.045571e+000 8.732135e+000 
1.225827e+000 8.720721e+000 
1.156565e+000 9.055928e+000 
1.122757e+000 8.522044e+000 
1.145351e+000 8.878852e+000 
8.272708e-001 8.987887e+000 
9.713989e-001 8.889867e+000 
7.829562e-001 8.767754e+000 
5.547688e-001 7.745139e+000 
1.529786e+000 9.449778e+000 
1.826986e+000 8.418037e+000 
1.364295e+000 9.224327e+000 
1.281254e+000 8.486669e+000 
9.396017e-001 8.573979e+000 
8.684260e-001 8.408448e+000 
9.441343e-001 8.218852e+000 
1.039535e+000 8.366861e+000 
4.634350e-001 9.024983e+000 
4.391374e-001 7.936534e+000 
4.569749e-001 7.548119e+000 
1.502838e+000 9.165500e+000 
1.364254e+000 9.397822e+000 
9.528307e-001 9.413718e+000 
1.154881e+000 9.311024e+000 
5.012806e-001 8.694363e+000 
6.104754e-001 8.917003e+000 
0 7.812500e+000 
6.154019e-001 7.567697e+000 
2.272631e-001 7.535687e+000 
1.663317e+000 9.710231e+000 
1.132796e+000 9.517686e+000 
6.250000e-001 10 
9.622821e-001 9.182199e+000 
1.224919e+000 9.183933e+000 
6.574596e-001 8.672179e+000 
3.740247e-001 9.184000e+000 
4.792945e-001 8.843244e+000 
2.471686e-001 8.757960e+000 
3.090944e-001 7.875354e+000 
9.189756e-002 7.656250e+000 
0 6.250000e+000 
1.506420e+000 9.631533e+000 
1.773346e+000 9.573469e+000 
1.562500e+000 10 
9.375000e-001 10 
9.672426e-001 9.596513e+000 
1.147661e+000 9.762168e+000 
7.005315e-001 9.548312e+000 
1.006258e+000 9.037263e+000 
0 9.375000e+000 
7.304847e-001 9.172487e+000 
6.114707e-001 9.072464e+000 
0 9.062500e+000 
1.412241e-001 8.584125e+000 
0 6.875000e+000 
1.283896e+000 9.706846e+000 
1.253200e+000 9.857689e+000 
8.415279e-001 9.293222e+000 
3.320336e-001 8.885517e+000 
1.384540e-001 8.922299e+000 
2.625255e-001 9.047491e+000 
1.666377e-001 9.239601e+000 
4.066447e-001 8.386809e+000 
3.388792e-001 8.535385e+000 
1.857965e-001 9.433422e+000 
3.554136e-001 9.529148e+000 
0 9.218750e+000 
3.613798e-001 8.674838e+000 
3.583229e-001 8.230822e+000 
5.464597e-001 8.485773e+000 
0 7.187500e+000 
3.416887e-001 9.355332e+000 
5.564178e-001 9.307141e+000 
3.195632e-001 9.763262e+000 
0 9.687500e+000 
3.125000e-001 10 
0 8.437500e+000 
1.554070e-001 8.292977e+000 
2.436274e-001 8.099961e+000 
4.876231e-001 8.108089e+000 
5.405045e-001 8.293276e+000 
6.793816e-001 8.410979e+000 
1.409695e-001 7.343750e+000 
5.223033e-001 9.640824e+000 
5.148166e-001 9.471473e+000 
6.859284e-001 9.738117e+000 
8.193380e-001 9.652917e+000 
8.437866e-001 9.838249e+000 
7.812500e-001 10 
1.008414e+000 9.850892e+000 
3.302650e-001 7.031250e+000 
3.942742e-001 7.298574e+000 
1.886274e-001 7.159036e+000 
7.288318e-002 7.031250e+000 
4.846161e-001 7.408525e+000 
2.809976e-001 7.396161e+000 
2.359151e+000 7.770665e+000 
2.300551e+000 7.617847e+000 
2.480419e+000 7.647559e+000 
2.764401e+000 8.083528e+000 
8.070267e+000 7.467582e+000 
8.196781e+000 7.324878e+000 
8.385747e+000 7.553098e+000 
8.234639e+000 7.485874e+000 
7.967344e+000 8.089191e+000 
6.651985e+000 9.127676e+000 
5.353648e+000 9.338267e+000 
5.690550e+000 9.625326e+000 
5.545863e+000 9.371250e+000 
6.234813e+000 9.777001e+000 
6.855894e+000 9.601163e+000 
6.464555e+000 9.680473e+000 
6.647200e+000 9.576551e+000 
6.562500e+000 10 
6.712653e+000 9.352786e+000 
6.725788e+000 9.807272e+000 
6.607299e+000 9.718887e+000 
6.406250e+000 9.877342e+000 
6.559403e+000 9.273357e+000 
7.288733e+000 9.076799e+000 
6.937992e+000 9.797106e+000 
6.718750e+000 10 
6.396031e+000 9.266918e+000 
6.975080e+000 9.161330e+000 
7.302676e+000 9.529136e+000 
7.187500e+000 10 
6.807063e+000 9.206611e+000 
6.946504e+000 9.389652e+000 
7.087981e+000 9.619091e+000 
7.031250e+000 9.937285e+000 
7.177390e+000 9.799186e+000 
7.343750e+000 9.891473e+000 
7.336297e+000 9.708821e+000 
7.942402e+000 9.374890e+000 
7.553172e+000 9.575254e+000 
6.815770e+000 9.458810e+000 
7.181509e+000 9.303116e+000 
6.978249e+000 9.528415e+000 
7.041627e+000 9.285608e+000 
7.149852e+000 9.465575e+000 
8.567331e+000 7.191646e+000 
8.750000e+000 7 
8.569624e+000 7.419136e+000 
8.705273e+000 7.140247e+000 
8.417638e+000 7.403694e+000 
10 7.500000e+000 
8.679517e+000 7.763152e+000 
8.567487e+000 7.609379e+000 
8.826765e+000 7.538180e+000 
8.482665e+000 7.788871e+000 
8.650374e+000 8.306303e+000 
8.448846e+000 8.085727e+000 
8.413474e+000 7.931343e+000 
8.212013e+000 8.058746e+000 
8.720993e+000 7.429413e+000 
8.289227e+000 8.433911e+000 
8.067676e+000 7.897145e+000 
8.114608e+000 8.274322e+000 
8.312037e+000 8.233688e+000 
8.484271e+000 8.255711e+000 
7.823621e+000 7.891873e+000 
7.808067e+000 8.785059e+000 
7.741344e+000 8.102803e+000 
7.709309e+000 7.790675e+000 
7.947542e+000 7.806869e+000 
8.013076e+000 8.560743e+000 
7.453614e+000 8.222827e+000 
8.124355e+000 8.438984e+000 
7.574091e+000 8.106749e+000 
5.358598e+000 5.644539e-001 
6.267322e+000 5.801592e-001 
6.060538e+000 5.821931e-001 
5.885086e+000 5.368329e-001 
7.032996e+000 5.563708e-001 
7.174743e+000 1.712414e+000 
7.107114e+000 1.559593e+000 
7.221044e+000 1.341677e+000 
7.079784e+000 1.313536e+000 
7.471716e+000 9.180869e-001 
7.537983e+000 1.394010e+000 
7.293071e+000 1.098335e+000 
7.368961e+000 1.431749e+000 
7.416137e+000 1.245667e+000 
7.498926e+000 1.616452e+000 
7.711497e+000 1.127275e+000 
7.582545e+000 1.233194e+000 
7.488093e+000 1.089371e+000 
7.773809e+000 1.334594e+000 
7.191666e+000 1.200651e+000 
7.369723e+000 1.688406e+000 
7.648351e+000 1.528038e+000 
7.652057e+000 1.704778e+000 
8.025678e+000 1.145868e+000 
7.865183e+000 1.194107e+000 
8.013406e+000 1.391923e+000 
8.172957e+000 1.542277e+000 
8.184112e+000 1.277103e+000 
8.334836e+000 1.295000e+000 
8.750000e+000 0 
8.080540e+000 1.727044e+000 
7.966493e+000 1.860646e+000 
7.997270e+000 1.569898e+000 
8.229662e+000 1.411841e+000 
8.607724e+000 1.414816e+000 
8.533166e+000 1.553842e+000 
8.526142e+000 9.040757e-001 
7.762351e+000 7.722092e-001 
9.264238e+000 9.095830e-001 
9.331380e+000 1.652913e+000 
8.189001e+000 1.109948e+000 
8.083543e+000 2.804068e+000 
8.207128e+000 2.717911e+000 
8.250000e+000 3 
8.391859e+000 2.587070e+000 
8.577754e+000 2.717047e+000 
8.666041e+000 2.587232e+000 
8.750000e+000 3 
8.484320e+000 2.843532e+000 
8.669549e+000 2.855071e+000 
9.053981e+000 2.703517e+000 
8.296698e+000 1.902414e+000 
8.125000e+000 0 
8.295676e+000 9.811649e-001 
8.330174e+000 7.603608e-001 
8.928154e+000 1.502784e+000 
7.671941e+000 9.305987e-001 
9.455994e+000 1.090140e+000 
7.471758e+000 2.424945e+000 
8.563815e+000 1.144155e+000 
9.069084e+000 1.264708e+000 
7.580484e+000 7.858337e-001 
8.055121e+000 8.904792e-001 
7.511562e+000 2.284554e+000 
1.518161e+000 7.641404e+000 
1.286732e+000 7.481306e+000 
1.706213e+000 7.621427e+000 
2.889261e+000 8.304191e+000 
7.069025e+000 8.026625e+000 
6.856699e+000 8.040314e+000 
6.974030e+000 8.206695e+000 
6.907270e+000 8.541184e+000 
6.992947e+000 8.384377e+000 
7.200841e+000 8.599777e+000 
6.743035e+000 8.349638e+000 
7.063216e+000 8.524581e+000 
7.011791e+000 8.782240e+000 
6.809168e+000 8.198394e+000 
6.646481e+000 8.194867e+000 
5.312500e+000 10 
3.895147e+000 9.372038e+000 
4.737603e+000 9.646249e+000 
4.519771e+000 9.574501e+000 
4.643382e+000 9.439241e+000 
4.812941e+000 9.837343e+000 
4.462949e+000 9.711303e+000 
2.764751e+000 9.471456e+000 
3.019524e+000 9.295787e+000 
1.786341e+000 7.838506e+000 
2.649092e+000 9.324317e+000 
2.833327e+000 9.297318e+000 
2.718839e+000 9.158166e+000 
2.102171e+000 9.201117e+000 
2.185184e+000 9.344822e+000 
2.426136e+000 9.538124e+000 
2.240795e+000 9.522328e+000 
2.344256e+000 9.403616e+000 
2.187500e+000 10 
1.982565e+000 9.316170e+000 
1.897807e+000 9.460961e+000 
8.630925e-001 7.249571e+000 
1.341347e+000 8.992610e+000 
1.628439e-001 7.803126e+000 
9.068597e-002 7.968750e+000 
1.689858e+000 9.436221e+000 
1.820919e+000 9.787510e+000 
1.982942e+000 9.653334e+000 
7.030248e-001 9.383179e+000 
8.214495e+000 7.666981e+000 
6.495726e+000 9.040081e+000 
5.769486e+000 9.479449e+000 
5.865830e+000 9.625877e+000 
5.937500e+000 10 
7.474825e+000 9.297446e+000 
7.699545e+000 9.540112e+000 
8.750000e+000 10 
7.138701e+000 9.144276e+000 
7.038478e+000 8.976147e+000 
6.820407e+000 8.988593e+000 
6.645189e+000 8.933134e+000 
6.632276e+000 8.726284e+000 
6.735252e+000 8.582448e+000 
6.822154e+000 8.753443e+000 
9.437214e+000 7.309520e+000 
8.871086e+000 7.727863e+000 
8.830212e+000 8.043595e+000 
7.336183e+000 7.996952e+000 
5.937500e+000 0 
6.830350e+000 3.132982e-001 
7.254252e+000 7.349297e-001 
7.124993e+000 9.825773e-001 
7.138279e+000 8.319549e-001 
7.587441e+000 1.864341e+000 
8.875000e+000 2.898148e+000 
9.474147e+000 2.356123e+000 
8.772135e+000 1.444698e+000 
9.148217e+000 1.528292e+000 
9.049940e+000 1.414126e+000 
9.389487e+000 1.370596e+000 
9.301674e+000 1.499660e+000 
9.218938e+000 1.348963e+000 
8.715993e+000 4.919106e-001 
7.346610e+000 2.533133e+000 
7.356923e+000 2.325642e+000 
7.597258e+000 2.515121e+000 
1.076640e+000 7.485645e+000 
9.458496e-001 7.389333e+000 
1.250000e+000 7 
1.179419e+000 7.373719e+000 
7.022396e+000 7.871864e+000 
7.194615e+000 7.895964e+000 
6.595216e+000 8.381376e+000 
7.247908e+000 8.837713e+000 
7.185776e+000 8.971351e+000 
7.147721e+000 8.733908e+000 
7.513896e+000 8.661473e+000 
7.493069e+000 8.918880e+000 
7.344693e+000 8.694944e+000 
7.348902e+000 8.943497e+000 
5.171747e+000 9.658623e+000 
5.498149e+000 9.669580e+000 
5.631283e+000 9.808028e+000 
5.200433e+000 9.846501e+000 
5.336170e+000 9.627677e+000 
5.442927e+000 9.855917e+000 
5.324752e+000 9.772105e+000 
3.904861e+000 9.215727e+000 
4.038642e+000 9.302939e+000 
4.003761e+000 9.666900e+000 
4.139629e+000 9.565463e+000 
3.988699e+000 9.505013e+000 
3.718404e+000 9.611806e+000 
3.667092e+000 9.331633e+000 
3.762131e+000 9.459012e+000 
3.487390e+000 9.467300e+000 
3.125000e+000 10 
2.791888e+000 9.656633e+000 
3.217790e+000 9.491438e+000 
3.351354e+000 9.374763e+000 
3.832702e+000 9.786348e+000 
4.062500e+000 10 
3.997246e+000 9.839778e+000 
4.156409e+000 9.759214e+000 
3.906250e+000 10 
4.298226e+000 9.850083e+000 
2.972777e+000 9.535548e+000 
2.611911e+000 9.588431e+000 
2.812500e+000 10 
2.551003e+000 9.445183e+000 
3.080638e+000 9.432140e+000 
2.477923e+000 9.715052e+000 
4.836242e+000 9.501315e+000 
4.902732e+000 9.652599e+000 
4.621665e+000 9.819530e+000 
4.687500e+000 10 
4.843750e+000 10 
4.531250e+000 10 
4.957435e+000 9.860062e+000 
2.501608e+000 9.212553e+000 
6.140902e-001 7.134459e+000 
5.878317e+000 9.817411e+000 
5.781250e+000 10 
6.076333e+000 9.875403e+000 
7.445706e+000 9.455610e+000 
7.326875e+000 9.233429e+000 
7.649590e+000 9.398111e+000 
7.694385e+000 9.118304e+000 
7.618713e+000 9.249679e+000 
7.491989e+000 9.108550e+000 
8.125000e+000 10 
8.905479e+000 7.374454e+000 
8.917821e+000 7.178413e+000 
9.107837e+000 7.572525e+000 
9.165291e+000 7.292401e+000 
8.799922e+000 7.879162e+000 
10 8.750000e+000 
8.631847e+000 7.995129e+000 
8.606377e+000 8.152784e+000 
8.961011e+000 7.606832e+000 
9.082646e+000 7.146201e+000 
9.261170e+000 7.141742e+000 
9 6 
9 5 
9.345851e+000 6.924758e+000 
10 6.250000e+000 
9 6.500000e+000 
9.428337e+000 7.142586e+000 
7.442039e+000 7.889506e+000 
7.277996e+000 8.170667e+000 
6.062619e+000 4.164984e-001 
5.858087e+000 3.839067e-001 
6.095607e+000 1.809393e-001 
5.652439e+000 1.405412e-001 
6.294460e+000 1.942775e-001 
6.562500e+000 0 
6.532176e+000 3.898946e-001 
6.406250e+000 6.646860e-002 
6.553367e+000 1.954162e-001 
6.379857e+000 3.327484e-001 
6.432025e+000 5.299552e-001 
6.604622e+000 5.475354e-001 
6.696255e+000 4.099567e-001 
6.718750e+000 1.052240e-001 
5.899913e+000 1.923917e-001 
6.093750e+000 0 
6.573710e+000 6.879420e-001 
6.871833e+000 4.847221e-001 
7.370038e+000 3.650949e-001 
7.293381e+000 9.199900e-001 
9.221820e+000 2.478727e+000 
9.222284e+000 2.096931e+000 
9.691546e+000 1.294112e+000 
9.285652e+000 1.172095e+000 
7.865502e+000 6.218065e-001 
1.010411e+000 7.168048e+000 
1.412093e+000 7.248951e+000 
1.592309e+000 7.264923e+000 
1.057304e+000 7.301790e+000 
1.207989e+000 7.185590e+000 
7.628618e+000 8.800301e+000 
7.731270e+000 8.944874e+000 
8.200187e+000 9.071847e+000 
7.946010e+000 9.081182e+000 
3.281250e+000 9.931867e+000 
3.339728e+000 9.633923e+000 
3.437500e+000 10 
2.656250e+000 9.844565e+000 
2.829480e+000 9.826679e+000 
2.968750e+000 9.927815e+000 
2.994049e+000 9.746518e+000 
3.145414e+000 9.828888e+000 
3.429042e+000 9.806164e+000 
3.283605e+000 9.772303e+000 
3.630756e+000 9.793896e+000 
3.540976e+000 9.638542e+000 
3.593750e+000 10 
2.199078e+000 9.759483e+000 
2.326710e+000 9.663270e+000 
2.130874e+000 9.625239e+000 
2.343750e+000 9.886985e+000 
2.031250e+000 9.871941e+000 
7.036597e-001 7.267576e+000 
4.499750e-001 7.143912e+000 
8.024181e-001 7.053950e+000 
3.122606e-001 6.642141e+000 
5.222986e-001 6.970187e+000 
5.312913e-001 6.810766e+000 
1 6 
7.535051e+000 9.788687e+000 
7.798546e+000 9.265782e+000 
7.812500e+000 10 
7.656250e+000 9.917354e+000 
7.722199e+000 9.733818e+000 
7.925954e+000 9.611811e+000 
7.840960e+000 9.486879e+000 
8.429063e+000 9.527707e+000 
7.911098e+000 9.818143e+000 
7.968750e+000 10 
8.167442e+000 9.509545e+000 
8.020731e+000 9.499359e+000 
9.290980e+000 7.464134e+000 
10 8.125000e+000 
9.642132e+000 7.899964e+000 
9.489728e+000 7.505649e+000 
9.685418e+000 7.212619e+000 
10 6.875000e+000 
9.070929e+000 7.914246e+000 
10 7.187500e+000 
9.656129e+000 7.477453e+000 
9.828474e+000 7.482475e+000 
9.929306e+000 7.343750e+000 
9.606094e+000 7.687283e+000 
9.897377e+000 7.656250e+000 
9.177659e+000 6.984135e+000 
9 6.750000e+000 
9.620125e+000 6.945429e+000 
9.354834e+000 7.839251e+000 
9.356714e+000 7.645938e+000 
10 7.812500e+000 
9.478158e+000 6.999189e+000 
9.510471e+000 7.812879e+000 
9.061820e+000 7.417133e+000 
7.239229e+000 5.271839e-001 
7.187500e+000 0 
7.222186e+000 3.796026e-001 
7.536659e+000 6.203024e-001 
7.372855e+000 6.219370e-001 
9.079794e+000 2.547737e+000 
9.086191e+000 2.290304e+000 
9.038902e+000 2.112446e+000 
9.116303e+000 1.935795e+000 
9.355104e+000 1.894154e+000 
9.286378e+000 2.286616e+000 
9.247157e+000 1.782982e+000 
10 1.718750e+000 
9.680381e+000 1.979832e+000 
9.520246e+000 2.042320e+000 
9.348519e+000 2.034728e+000 
9.859855e+000 1.370523e+000 
10 1.875000e+000 
9.800817e+000 1.688515e+000 
9.429514e+000 2.188319e+000 
9.553507e+000 1.383659e+000 
9.447326e+000 1.763297e+000 
10 1.562500e+000 
9.607992e+000 1.824059e+000 
9.567208e+000 1.657199e+000 
9.725182e+000 1.497132e+000 
9.254651e+000 2.678294e+000 
7.865559e+000 9.831192e-001 
7.930662e+000 7.770689e-001 
8.926716e+000 1.130267e+000 
8.650155e+000 1.269040e+000 
9.107284e+000 1.054516e+000 
8.206211e+000 8.540898e-001 
8.115090e+000 6.996692e-001 
8.744060e+000 1.105721e+000 
8.910697e+000 8.389950e-001 
8.970596e+000 9.817771e-001 
8.490232e+000 5.789205e-001 
8.443495e+000 1.040040e+000 
7.920990e+000 3.039146e-001 
8.675420e+000 7.230288e-001 
8.493499e+000 7.431202e-001 
8.335367e+000 1.144592e+000 
7.603669e+000 3.945571e-001 
8.864031e+000 6.370195e-001 
9.062500e+000 0 
8.999976e+000 7.119888e-001 
9.375000e+000 0 
8.875693e+000 3.816724e-001 
9.027587e+000 5.130611e-001 
8.720681e+000 9.124125e-001 
7.031250e+000 0 
7.812500e+000 0 
7.121892e+000 1.459706e-001 
8.714976e+000 3.196407e-001 
8.863453e+000 1.741705e-001 
9.373845e+000 3.733718e-001 
8.906250e+000 0 
9.220219e+000 4.915600e-001 
9.102964e+000 2.641536e-001 
9.843750e+000 0 
9.317239e+000 6.332070e-001 
7.656250e+000 1.193963e-001 
1.375000e+000 7.095857e+000 
1.454957e+000 7.422072e+000 
8.064623e+000 8.845738e+000 
3.733589e-001 6.834285e+000 
1.896270e-001 6.881671e+000 
5.861838e-001 6.660824e+000 
1 6.500000e+000 
6.915787e-001 6.914349e+000 
8.078724e+000 9.229689e+000 
8.325801e+000 9.294166e+000 
8.050131e+000 9.871337e+000 
8.086963e+000 9.727104e+000 
8.437500e+000 10 
8.287222e+000 9.677518e+000 
8.526681e+000 9.762185e+000 
9.239555e+000 8.516721e+000 
9.590637e+000 7.336173e+000 
9.813056e+000 7.823457e+000 
9.745775e+000 7.615814e+000 
9.915365e+000 7.968750e+000 
9.717696e+000 8.176868e+000 
9.829594e+000 7.035814e+000 
9.842165e+000 7.193252e+000 
9.690715e+000 7.069752e+000 
10 7.031250e+000 
9.180245e+000 7.753199e+000 
9.023696e+000 7.764561e+000 
7.277548e+000 1.831578e-001 
7.024474e+000 3.570535e-001 
7.343750e+000 0 
7.475555e+000 1.969767e-001 
6.964074e+000 1.725250e-001 
7.818134e+000 1.693103e-001 
7.968750e+000 7.954984e-002 
7.755135e+000 3.240499e-001 
7.855333e+000 4.562430e-001 
8.089374e+000 4.668054e-001 
7.701411e+000 5.487910e-001 
7.474349e+000 4.789879e-001 
8.011342e+000 5.932746e-001 
8.149088e+000 2.366005e-001 
8.280702e+000 5.554017e-001 
8.437500e+000 0 
8.413901e+000 3.138431e-001 
8.562707e+000 4.066777e-001 
8.281250e+000 1.036189e-001 
8.397252e+000 4.621659e-001 
8.242094e+000 3.835726e-001 
9.466050e+000 1.525153e+000 
9.820433e+000 1.867179e+000 
10 3.750000e+000 
9.096094e+000 8.589499e-001 
9.011846e+000 1.429352e-001 
9.218750e+000 1.112412e-001 
9.390221e+000 1.867348e-001 
9.258386e+000 2.692042e-001 
9.687500e+000 0 
10 3.125000e-001 
9.531250e+000 8.125164e-002 
10 6.250000e-001 
9.684519e+000 1.851314e-001 
9.571111e+000 3.484516e-001 
9.789636e+000 3.791589e-001 
9.863181e+000 2.459883e-001 
9.933769e+000 4.687500e-001 
9.720336e+000 6.513822e-001 
9.662402e+000 4.917011e-001 
9.519161e+000 6.340208e-001 
9.599479e+000 8.775773e-001 
9.417547e+000 7.957133e-001 
9.418661e+000 5.192185e-001 
9.462182e+000 9.396081e-001 
8.070146e+000 8.996120e+000 
7.912398e+000 8.916649e+000 
7.959476e+000 8.717597e+000 
8.229857e+000 8.668693e+000 
8.560736e+000 8.627466e+000 
8.518139e+000 8.442486e+000 
8.272944e+000 8.874533e+000 
8.387262e+000 8.583599e+000 
8.432578e+000 8.769332e+000 
8.878825e+000 9.043638e+000 
8.508349e+000 9.058027e+000 
8.421663e+000 8.926488e+000 
8.659548e+000 8.864053e+000 
8.693413e+000 9.046366e+000 
8.791542e+000 9.413518e+000 
8.614240e+000 9.264216e+000 
8.802298e+000 9.220818e+000 
9.316028e+000 9.346145e+000 
9.047532e+000 9.331157e+000 
8.965348e+000 9.186125e+000 
9.253834e+000 8.913433e+000 
9.080310e+000 9.018803e+000 
8.943757e+000 8.740691e+000 
9.267941e+000 9.132231e+000 
8.963815e+000 8.903422e+000 
8.605306e+000 9.454752e+000 
8.747288e+000 9.654834e+000 
8.477715e+000 9.353292e+000 
9.559215e+000 9.272392e+000 
9.186002e+000 9.263012e+000 
8.591475e+000 9.614985e+000 
9.674411e+000 9.170824e+000 
8.695052e+000 9.827838e+000 
8.593750e+000 10 
9.905754e+000 9.537439e+000 
9.447114e+000 9.010825e+000 
8.842972e+000 9.547665e+000 
9.479176e+000 8.706710e+000 
9.687500e+000 10 
9.546316e+000 8.867536e+000 
9.391779e+000 8.837622e+000 
9.742682e+000 8.691132e+000 
9.234861e+000 8.715503e+000 
9.111629e+000 8.827190e+000 
9.079297e+000 8.612383e+000 
8.839514e+000 8.494828e+000 
8.673036e+000 8.504211e+000 
10 9.375000e+000 
9.817376e+000 8.980653e+000 
4.808701e-001 6.187481e+000 
1 6.750000e+000 
8.303458e+000 9.443645e+000 
8.365412e+000 9.837337e+000 
8.281250e+000 10 
9.087826e+000 8.234353e+000 
9.075035e+000 8.423176e+000 
9.757910e+000 8.017131e+000 
9.449524e+000 8.101287e+000 
9.520341e+000 6.439456e+000 
9.414587e+000 2.554498e+000 
9.707964e+000 2.534453e+000 
9.557504e+000 2.489279e+000 
9.828002e+000 9.920601e-001 
9.670605e+000 1.080298e+000 
10 9.375000e-001 
9.831531e+000 1.172469e+000 
10 1.093750e+000 
9.860015e+000 7.945908e-001 
8.357176e+000 9.129792e+000 
8.938814e+000 9.432254e+000 
9.168832e+000 9.570606e+000 
10 9.062500e+000 
8.924005e+000 9.701288e+000 
9.622520e+000 9.026278e+000 
10 9.687500e+000 
9.688108e+000 8.827878e+000 
9.859703e+000 8.771438e+000 
10 8.906250e+000 
9.820320e+000 9.218750e+000 
9.408429e+000 9.213012e+000 
9.375000e+000 10 
9.738001e+000 9.480349e+000 
10 9.218750e+000 
9.846050e+000 9.370598e+000 
9.062500e+000 10 
9.595654e+000 8.440536e+000 
10 8.437500e+000 
9.897537e+000 8.590893e+000 
9.743294e+000 8.522344e+000 
4.636674e-001 6.439696e+000 
7.494835e-001 6.468204e+000 
9.003961e+000 8.078281e+000 
8.869901e+000 8.275200e+000 
8.756014e+000 8.175513e+000 
9.251928e+000 8.024564e+000 
9.288779e+000 8.222467e+000 
9.468812e+000 8.294076e+000 
9.218682e+000 8.361985e+000 
9.570225e+000 8.186570e+000 
9.415430e+000 8.468464e+000 
9.500235e+000 6.706247e+000 
10 2.187500e+000 
9.590360e+000 2.187086e+000 
9.857637e+000 2.056814e+000 
9.795098e+000 2.267826e+000 
9.943058e+000 2.343750e+000 
9.645974e+000 2.346015e+000 
9.622047e+000 2.797696e+000 
9.177989e+000 2.879251e+000 
9.454073e+000 2.770723e+000 
9.320948e+000 4.903342e+000 
9.497397e+000 9.506369e+000 
9.373766e+000 2.971859e+000 
9.546850e+000 2.645091e+000 
9.882791e+000 8.281250e+000 
10 3.125000e+000 
9.853578e+000 8.425251e+000 
4.534242e-001 6.589875e+000 
0 6.562500e+000 
6.011834e-001 6.508009e+000 
6.288139e-001 6.314794e+000 
7.256113e-001 6.052694e+000 
6.283624e-001 6.165703e+000 
8.686098e-001 6.875000e+000 
8.021740e-001 6.673614e+000 
6.882670e-001 6.767056e+000 
9.246873e+000 6.691034e+000 
9.637554e+000 6.582442e+000 
9.456135e+000 9.370312e+000 
10 2.812500e+000 
9.608753e+000 9.410635e+000 
9.630770e+000 9.614220e+000 
9.572645e+000 9.819829e+000 
9.328485e+000 9.514808e+000 
9.420877e+000 9.669429e+000 
9.791599e+000 9.770706e+000 
9.531250e+000 10 
9.406333e+000 9.835880e+000 
9.218750e+000 9.885119e+000 
9.052760e+000 9.823054e+000 
8.906250e+000 9.919860e+000 
9.941574e+000 9.843750e+000 
9.011858e+000 9.571199e+000 
9.718964e+000 8.337533e+000 
3.257856e-001 6.494416e+000 
1.004279e-001 6.718750e+000 
9.057564e-001 6.250000e+000 
7.766989e-001 6.322633e+000 
0 5.312500e+000 
9.368837e+000 6.777205e+000 
9.147760e+000 6.822352e+000 
9.100623e+000 6.625000e+000 
9.252068e+000 6.400090e+000 
9.381689e+000 6.563159e+000 
9.695456e+000 6.758031e+000 
10 6.562500e+000 
9.765442e+000 6.358072e+000 
9.821347e+000 6.619175e+000 
10 6.718750e+000 
9.829214e+000 6.864719e+000 
9.814557e+000 2.714885e+000 
9.859790e+000 2.566461e+000 
9.256471e+000 9.717914e+000 
8.762001e-001 6.096094e+000 
4.690528e-001 5.849635e+000 
9 6.250000e+000 
9.448234e+000 5.997050e+000 
9.929816e+000 6.406250e+000 
1 5.750000e+000 
9.096289e+000 6.375000e+000 
9.421664e+000 5.570379e+000 
9.577889e+000 6.202997e+000 
9.623127e+000 6.339238e+000 
9.405784e+000 6.286344e+000 
9.210504e+000 6.183182e+000 
9 5.500000e+000 
9.375515e+000 5.787415e+000 
9 5.750000e+000 
9.738202e+000 6.200063e+000 
9.076179e+000 6.125000e+000 
9.223793e+000 5.949326e+000 
9.362323e+000 6.132205e+000 
10 5.625000e+000 
9.089330e+000 5.875000e+000 
9.200894e+000 5.636860e+000 
9.697166e+000 5.742384e+000 
9.220142e+000 5.791080e+000 
9.061909e+000 5.625000e+000 
9.528157e+000 5.706447e+000 
9.662100e+000 5.491911e+000 
9.580206e+000 5.877054e+000 
9.655100e+000 6.040566e+000 
1.562029e-001 6.074258e+000 
6.460537e-001 5.881937e+000 
5.340947e-001 6.017391e+000 
9.815421e+000 5.598137e+000 
10 5.312500e+000 
9.928495e+000 5.468750e+000 
9.412869e+000 5.135830e+000 
9.483341e+000 5.351767e+000 
9.227977e+000 5.381232e+000 
9.726133e+000 5.153062e+000 
9.811791e+000 5.320856e+000 
9.644210e+000 5.300645e+000 
9.363680e+000 5.436013e+000 
9.145853e+000 5.501780e+000 
9.345370e+000 5.277326e+000 
9 5.250000e+000 
9.190429e+000 5.116566e+000 
9.147341e+000 5.257675e+000 
9 4.500000e+000 
9 4 
9.581026e+000 4.934929e+000 
9.160474e+000 4.951671e+000 
9 4.750000e+000 
9.442413e+000 4.989733e+000 
10 4.375000e+000 
9.572043e+000 5.098235e+000 
9.256828e+000 4.625000e+000 
9.793035e+000 4.951227e+000 
10 4.687500e+000 
9.927592e+000 4.843750e+000 
9.705441e+000 4.703592e+000 
9.694432e+000 4.846795e+000 
9.172268e+000 4.777604e+000 
9.097995e+000 4.625000e+000 
9.280510e+000 4.250000e+000 
9.474160e+000 4.728331e+000 
9.328195e+000 4.755116e+000 
9.473069e+000 4.450408e+000 
9.576216e+000 4.588967e+000 
9.729970e+000 4.366835e+000 
9.406875e+000 4.589632e+000 
9.191621e+000 4.432634e+000 
9 4.250000e+000 
9.335613e+000 4.389768e+000 
9.140255e+000 4.294686e+000 
9.860137e+000 4.531250e+000 
9.709386e+000 4.516866e+000 
9.533525e+000 4.199607e+000 
9.688888e+000 4.216098e+000 
9.580362e+000 4.343584e+000 
9.342045e+000 3.898584e+000 
9.843809e+000 4.195879e+000 
10 4.062500e+000 
9.564428e+000 3.968538e+000 
9.411667e+000 4.065709e+000 
9.202322e+000 4.054856e+000 
9.074706e+000 4.125000e+000 
9.594375e+000 3.484883e+000 
9.519472e+000 3.723000e+000 
9.477119e+000 3.857639e+000 
9 3.500000e+000 
9.763532e+000 3.668934e+000 
9.297951e+000 3.522478e+000 
9.625924e+000 3.625647e+000 
9.785811e+000 3.998846e+000 
9.842538e+000 3.831070e+000 
9.666715e+000 3.809783e+000 
9.454805e+000 3.571819e+000 
9.325175e+000 3.709924e+000 
9 3.750000e+000 
10 3.437500e+000 
9.151433e+000 3.639457e+000 
9.151630e+000 3.868933e+000 
9.921436e+000 3.593750e+000 
9.793738e+000 3.431666e+000 
9.617385e+000 3.171044e+000 
9.901206e+000 3.281250e+000 
9.660338e+000 3.331956e+000 
9.417788e+000 3.310512e+000 
9.804183e+000 3.110546e+000 
9.660287e+000 2.984876e+000 
9.913091e+000 2.968750e+000 
9.513811e+000 3.049148e+000 
9.179850e+000 3.073549e+000 
9.290148e+000 3.378208e+000 
9 3.250000e+000 
9.360222e+000 3.145807e+000 
9.780149e+000 2.874294e+000 
9.152575e+000 3.463531e+000 
9.174357e+000 3.247833e+000 
1.632414e+000 3.153371e-001 
1.406250e+000 9.009188e-002 
1.554769e+000 1.671330e-001 
1.718750e+000 9.097295e-002 
1.826472e+000 1.924108e-001 
1.411747e+000 2.702404e-001 
2.317986e-001 3.207160e+000 
3.546077e-001 3.112598e+000 
3.553768e-001 3.580840e+000 
0 3.437500e+000 
3.550365e-001 3.373678e+000 
6.502562e-001 3.832608e+000 
1.904503e-001 3.477530e+000 
4.956457e-001 3.477028e+000 
1 3.500000e+000 
1.819576e-001 3.674389e+000 
1.222876e-001 3.328759e+000 
0 3.593750e+000 
6.575642e-001 3.137920e+000 
6.588686e-001 3.330477e+000 
0 4.375000e+000 
5.318898e-001 3.672672e+000 
7.458488e-001 3.531856e+000 
4.173807e-001 3.881187e+000 
6.897664e-001 3.679598e+000 
1 3.750000e+000 
3.306508e-001 3.742518e+000 
5.911243e-001 4.131604e+000 
0 4.062500e+000 
8.263489e-001 3.796472e+000 
5.573236e-001 3.969574e+000 
8.164813e-001 3.038419e+000 
1 3.250000e+000 
8.159617e-001 3.233130e+000 
8.865957e-001 3.625000e+000 
3.426534e-001 4.118516e+000 
3.094010e-001 3.977617e+000 
4.414693e-001 4.607659e+000 
1.542407e-001 3.864433e+000 
4.550213e-001 4.350368e+000 
4.627592e-001 4.203462e+000 
8.584816e-001 3.400700e+000 
1 4.500000e+000 
2.331948e-001 4.467686e+000 
7.089606e-001 4.492746e+000 
3.791984e-001 4.475377e+000 
1 4.750000e+000 
1.809034e-001 4.259552e+000 
0 4.218750e+000 
1.720440e-001 4.086120e+000 
3.068342e-001 4.338549e+000 
5.468641e-001 4.484208e+000 
6.418137e-001 4.314860e+000 
1 4.250000e+000 
7.438113e-001 3.996096e+000 
8.321685e-001 4.344622e+000 
7.667679e-001 4.175739e+000 
8.729030e-001 3.932596e+000 
9.113615e-001 4.125000e+000 
7.291347e-002 4.531250e+000 
0 4.687500e+000 
2.301739e-001 4.699772e+000 
5.236041e-001 5.084461e+000 
1.070832e-001 4.843750e+000 
3.412258e-001 4.919320e+000 
3.824262e-001 4.760620e+000 
6.766469e-001 4.786313e+000 
5.235567e-001 5.642485e+000 
5.267416e-001 4.897718e+000 
3.496489e-001 5.093295e+000 
5.564136e-001 5.277453e+000 
8.512743e-001 4.625000e+000 
8.503222e-001 4.875000e+000 
1 5.500000e+000 
6.909662e-001 4.962139e+000 
1 5.250000e+000 
1.834962e-001 5.014148e+000 
7.836536e-001 5.710342e+000 
6.854368e-001 5.130228e+000 
8.369064e-001 5.051075e+000 
0 5.625000e+000 
3.303692e-001 5.735007e+000 
0 5.937500e+000 
8.378660e-001 5.896482e+000 
7.783917e-001 5.488498e+000 
9.111054e-001 5.625000e+000 
6.322659e-001 5.457921e+000 
5.468780e+000 5.318595e+000 
5.568630e+000 5.195093e+000 
1.625000e+000 7.104989e+000 
7.842145e+000 4.139813e+000 
6.739085e+000 2.430323e+000 
1.678783e+000 9.878035e+000 
2.109160e-001 8.441601e+000 
0 9.531250e+000 
5.043798e-001 9.840218e+000 
1.562500e-001 9.876864e+000 
7.856531e+000 8.344044e+000 
7.648671e+000 8.304715e+000 
7.860256e+000 8.194145e+000 
7.713146e+000 8.532909e+000 
7.475797e+000 8.443244e+000 
7.867352e+000 8.501120e+000 
7.325751e+000 8.347020e+000 
8.593750e+000 1.446185e-001 
8.436556e+000 1.577378e-001 
8.751720e+000 8.687334e+000 
2.459877e-001 6.261449e+000 
1.769187e-001 5.304630e+000 
3.897221e-001 6.307958e+000 
1.417529e-001 6.427303e+000 
3.439999e-001 6.162769e+000 
3.499936e-001 5.342144e+000 
1.904796e-001 5.877522e+000 
0 5.781250e+000 
1.574855e-001 5.703125e+000 
8.024637e-002 5.156250e+000 
1.700045e-001 6.579962e+000 
6.720644e-001 5.605659e+000 
4.243142e-001 5.217616e+000 
4.584064e-001 5.479814e+000 
3.414420e-001 5.980210e+000 
3.133044e-001 5.566728e+000 
10 5.937500e+000 
9.843860e+000 6.043614e+000 
9.751740e+000 5.902141e+000 
9.884468e+000 5.771273e+000 
9.907621e+000 5.156250e+000 
9.662731e+000 4.074183e+000 
8.953852e-001 5.375000e+000 
8.286624e-001 5.219805e+000 
7.076626e-001 5.320056e+000 
1.454262e+000 9.827972e+000 
1.406250e+000 10 
1.832219e-001 9.626511e+000 
9.558498e-002 5.468750e+000 
2.396928e-001 5.439414e+000 
