1295 3 
-1.023655e-001 -3.839610e-001 -9.176575e-001 
-1.971124e-001 -2.232608e-001 -9.546210e-001 
-3.163496e-002 -2.389866e-001 -9.705074e-001 
9.585681e-002 -3.327810e-001 -9.381195e-001 
2.741040e-001 -2.414007e-001 -9.309096e-001 
-3.156817e-001 -5.877994e-002 -9.470428e-001 
-1.565257e-001 -7.469835e-002 -9.848451e-001 
-3.953371e-003 -7.634014e-002 -9.970740e-001 
2.705986e-001 -6.067689e-002 -9.607782e-001 
3.949273e-001 5.148489e-002 -9.172686e-001 
-2.455001e-001 9.271894e-002 -9.649523e-001 
-6.763785e-002 8.199096e-002 -9.943353e-001 
1.258304e-001 3.677226e-002 -9.913700e-001 
2.473332e-001 1.354320e-001 -9.594188e-001 
-1.412128e-001 2.336477e-001 -9.620123e-001 
-9.720361e-003 3.448199e-001 -9.386185e-001 
5.834627e-002 1.966299e-001 -9.787402e-001 
1.881146e-001 2.993987e-001 -9.354001e-001 
-3.810426e-001 -5.095663e-001 -7.714588e-001 
-2.139053e-001 -6.169163e-001 -7.574027e-001 
-6.883818e-002 -5.404624e-001 -8.385474e-001 
9.281666e-002 -6.203610e-001 -7.788051e-001 
2.435264e-001 -5.518132e-001 -7.976196e-001 
-4.506130e-001 -3.380116e-001 -8.262542e-001 
-2.977628e-001 -3.598527e-001 -8.842191e-001 
-2.360041e-001 -4.843522e-001 -8.424399e-001 
-2.147914e-002 -3.349327e-001 -7.980458e-001 
7.393924e-002 -4.790414e-001 -8.746727e-001 
2.477708e-001 -4.050779e-001 -8.800690e-001 
4.121568e-001 -3.025344e-001 -8.594182e-001 
-5.329998e-001 -1.858880e-001 -8.254434e-001 
-3.645438e-001 -2.004621e-001 -9.093529e-001 
-2.040768e-001 -2.665477e-001 -8.024648e-001 
-4.167042e-002 -1.604474e-001 -8.400318e-001 
1.388480e-001 -2.445625e-001 -8.271181e-001 
3.046449e-001 -1.433137e-001 -7.986610e-001 
4.285692e-001 -1.216428e-001 -8.952829e-001 
5.537450e-001 -1.912620e-001 -8.104229e-001 
-4.818541e-001 -4.940213e-002 -8.748578e-001 
-3.168209e-001 5.004132e-003 -8.112450e-001 
-2.128253e-001 -1.166512e-001 -7.973807e-001 
3.301427e-002 5.351870e-003 -8.631268e-001 
1.324882e-001 -1.521969e-001 -9.794299e-001 
2.288466e-001 2.388072e-002 -8.224780e-001 
5.461753e-001 3.461055e-003 -8.376638e-001 
6.582684e-001 -7.430856e-002 -7.491068e-001 
-5.892714e-001 8.935913e-002 -8.029783e-001 
-4.207177e-001 1.064942e-001 -9.009193e-001 
-1.364592e-001 1.755602e-002 -8.298747e-001 
-4.056046e-002 1.683265e-001 -8.375764e-001 
1.257607e-001 1.524168e-001 -8.248035e-001 
3.702530e-001 8.134135e-002 -7.631575e-001 
5.151758e-001 1.680505e-001 -8.404481e-001 
6.671427e-001 1.074674e-001 -7.371373e-001 
-5.032530e-001 2.560483e-001 -8.253337e-001 
-3.301744e-001 2.492708e-001 -9.104114e-001 
-2.195287e-001 1.722916e-001 -8.124914e-001 
-1.119430e-001 3.111291e-001 -7.898323e-001 
8.608089e-002 3.097257e-001 -8.050360e-001 
2.588432e-001 2.196560e-001 -7.887229e-001 
3.694030e-001 2.377226e-001 -8.983482e-001 
6.141447e-001 2.617658e-001 -7.445166e-001 
-3.601434e-001 4.112275e-001 -8.373701e-001 
-2.029139e-001 3.792306e-001 -9.027791e-001 
-6.161952e-002 4.893516e-001 -8.699069e-001 
1.256089e-001 4.567278e-001 -8.806941e-001 
3.016387e-001 4.041701e-001 -8.635164e-001 
4.717000e-001 3.629480e-001 -8.035969e-001 
-2.176496e-001 5.422274e-001 -8.115529e-001 
-7.036551e-002 6.363979e-001 -7.681448e-001 
9.225152e-002 5.937478e-001 -7.993455e-001 
2.595093e-001 5.595931e-001 -7.870898e-001 
-3.798460e-001 -6.478993e-001 -6.602602e-001 
-2.216301e-001 -7.332476e-001 -6.428282e-001 
-5.605525e-002 -6.820192e-001 -7.291828e-001 
9.326114e-002 -7.538675e-001 -6.503739e-001 
2.508462e-001 -6.907836e-001 -6.781550e-001 
3.997446e-001 -6.096812e-001 -6.844655e-001 
-5.321890e-001 -4.372433e-001 -7.249781e-001 
-3.937684e-001 -4.680291e-001 -6.030706e-001 
-2.303653e-001 -5.329425e-001 -6.447257e-001 
-6.433972e-002 -6.285327e-001 -6.036020e-001 
1.171341e-001 -5.693261e-001 -6.401835e-001 
2.638069e-001 -4.946096e-001 -6.577475e-001 
4.030619e-001 -4.640346e-001 -7.888048e-001 
5.460583e-001 -5.163936e-001 -6.596651e-001 
-6.680448e-001 -4.057379e-001 -6.237731e-001 
-4.638832e-001 -2.995310e-001 -6.618836e-001 
-3.125765e-001 -3.550162e-001 -7.010420e-001 
-1.547476e-001 -4.126929e-001 -7.358715e-001 
-3.109715e-002 -4.969110e-001 -6.866142e-001 
1.189441e-001 -4.128983e-001 -7.426869e-001 
2.710598e-001 -3.341842e-001 -7.472266e-001 
4.066487e-001 -4.135331e-001 -6.337092e-001 
5.495190e-001 -3.628073e-001 -7.525953e-001 
-6.217203e-001 -2.791947e-001 -7.317884e-001 
-5.373253e-001 -1.439430e-001 -6.606817e-001 
-3.722583e-001 -1.787458e-001 -7.578686e-001 
-1.164773e-001 -2.309028e-001 -6.806691e-001 
-1.765342e-002 -3.561989e-001 -6.108846e-001 
6.331918e-002 -2.273401e-001 -6.884287e-001 
2.167922e-001 -1.999685e-001 -6.578607e-001 
4.100912e-001 -2.439118e-001 -7.104819e-001 
5.483959e-001 -1.583448e-001 -6.280488e-001 
6.794326e-001 -2.532024e-001 -6.886653e-001 
-6.653586e-001 -8.125713e-002 -7.420884e-001 
-4.876911e-001 -2.140392e-002 -7.215551e-001 
-3.503248e-001 -4.906743e-002 -6.592945e-001 
-2.564196e-001 -1.951887e-001 -6.190572e-001 
-3.162759e-002 -6.692459e-002 -7.054882e-001 
1.345798e-001 -9.062394e-002 -7.876616e-001 
2.804019e-001 -5.281373e-002 -6.528121e-001 
4.441833e-001 -5.927744e-002 -7.059753e-001 
6.068915e-001 -1.176580e-002 -6.265023e-001 
7.648997e-001 -1.155860e-001 -6.336942e-001 
-7.372461e-001 6.135853e-002 -6.728323e-001 
-5.664365e-001 8.244372e-002 -6.276350e-001 
-4.118676e-001 1.318600e-001 -7.414037e-001 
-2.585676e-001 9.743286e-002 -6.834822e-001 
-8.831614e-002 1.036883e-001 -6.777804e-001 
7.074182e-002 7.036071e-002 -7.062376e-001 
2.247024e-001 9.497029e-002 -6.565482e-001 
5.070641e-001 1.109310e-001 -6.694574e-001 
6.470208e-001 1.576965e-001 -5.801673e-001 
7.830566e-001 4.244833e-002 -6.205001e-001 
-6.670570e-001 2.215857e-001 -7.112909e-001 
-4.998173e-001 2.482534e-001 -6.588186e-001 
-3.313741e-001 2.782599e-001 -7.440778e-001 
-1.916118e-001 2.532703e-001 -6.412536e-001 
6.346242e-004 2.500820e-001 -6.846615e-001 
1.622049e-001 2.441381e-001 -6.506273e-001 
3.474265e-001 2.236285e-001 -6.170496e-001 
4.244771e-001 2.528956e-001 -7.294068e-001 
5.275699e-001 2.911798e-001 -6.068489e-001 
7.143960e-001 3.154405e-001 -6.246084e-001 
-6.271077e-001 3.838080e-001 -6.778107e-001 
-5.027359e-001 4.115434e-001 -7.601899e-001 
-3.929724e-001 3.963484e-001 -6.432758e-001 
-2.212158e-001 4.148341e-001 -7.251272e-001 
-1.860457e-002 4.459234e-001 -7.443484e-001 
1.549167e-001 4.294084e-001 -7.085382e-001 
2.914500e-001 3.701417e-001 -7.256634e-001 
4.181689e-001 5.149779e-001 -7.482864e-001 
5.842082e-001 4.329000e-001 -6.865117e-001 
-5.288150e-001 5.504819e-001 -6.460065e-001 
-3.851594e-001 5.559018e-001 -7.366311e-001 
-2.723518e-001 5.300378e-001 -6.290138e-001 
-1.130210e-001 5.636692e-001 -6.432819e-001 
7.414683e-002 5.635543e-001 -6.417173e-001 
2.653925e-001 5.228297e-001 -6.215584e-001 
3.775566e-001 6.563594e-001 -6.531794e-001 
5.363488e-001 5.728891e-001 -6.197806e-001 
-2.462783e-001 6.755587e-001 -6.949586e-001 
-1.192683e-001 7.580964e-001 -6.411435e-001 
5.384047e-002 7.280494e-001 -6.834071e-001 
2.165230e-001 6.966563e-001 -6.839501e-001 
-3.674786e-001 -7.675747e-001 -5.251558e-001 
-2.192709e-001 -8.387548e-001 -4.984082e-001 
-6.093121e-002 -8.879290e-001 -4.559271e-001 
8.785089e-002 -8.671956e-001 -4.901572e-001 
2.362981e-001 -8.122080e-001 -5.333680e-001 
-5.248343e-001 -6.755951e-001 -5.178033e-001 
-3.837057e-001 -5.971932e-001 -4.987409e-001 
-2.152471e-001 -6.537610e-001 -5.080630e-001 
-6.654035e-002 -8.036984e-001 -5.913048e-001 
7.883565e-002 -7.061709e-001 -5.079899e-001 
2.243144e-001 -6.278179e-001 -5.185451e-001 
3.838395e-001 -7.414826e-001 -5.503370e-001 
5.318465e-001 -6.515421e-001 -5.409548e-001 
-6.717119e-001 -5.353611e-001 -5.120464e-001 
-5.385549e-001 -5.590691e-001 -6.303970e-001 
-3.982908e-001 -4.173382e-001 -4.171728e-001 
-2.621077e-001 -4.899919e-001 -4.863943e-001 
-1.006626e-001 -4.959003e-001 -5.081944e-001 
6.322774e-002 -5.142195e-001 -5.129943e-001 
2.560687e-001 -4.606031e-001 -5.002319e-001 
3.893386e-001 -5.543924e-001 -5.309683e-001 
5.166578e-001 -4.689260e-001 -4.860326e-001 
6.705984e-001 -5.372306e-001 -5.115477e-001 
-7.853061e-001 -3.557740e-001 -5.066747e-001 
-6.574652e-001 -3.704634e-001 -4.362840e-001 
-5.206684e-001 -3.791706e-001 -5.376215e-001 
-3.341060e-001 -3.231689e-001 -5.149964e-001 
-1.835350e-001 -3.699391e-001 -5.800956e-001 
-2.233963e-002 -3.394372e-001 -4.608180e-001 
1.372720e-001 -3.770347e-001 -5.897288e-001 
2.820737e-001 -3.097432e-001 -5.770947e-001 
4.109004e-001 -3.336253e-001 -4.753254e-001 
5.325538e-001 -3.116139e-001 -5.889302e-001 
6.767201e-001 -4.064126e-001 -6.139045e-001 
-7.389043e-001 -2.311126e-001 -6.329355e-001 
-6.005568e-001 -2.362376e-001 -5.341806e-001 
-4.778932e-001 -2.265272e-001 -4.234531e-001 
-4.096977e-001 -1.916703e-001 -5.681919e-001 
-1.676062e-001 -2.528889e-001 -4.864162e-001 
-3.786210e-002 -1.640057e-001 -5.618815e-001 
1.107481e-001 -2.392903e-001 -5.117554e-001 
2.361412e-001 -1.430278e-001 -4.780571e-001 
3.855233e-001 -1.823809e-001 -5.687955e-001 
5.225168e-001 -1.847489e-001 -4.529918e-001 
6.726812e-001 -1.557823e-001 -5.108161e-001 
7.928367e-001 -2.695421e-001 -5.465868e-001 
-8.028744e-001 -9.084037e-002 -5.891864e-001 
-6.595250e-001 -7.388903e-002 -5.642729e-001 
-4.912566e-001 -5.614093e-002 -5.216280e-001 
-3.189236e-001 -4.506665e-002 -5.001658e-001 
-1.758812e-001 -4.884377e-002 -6.423985e-001 
-4.187560e-002 1.370691e-002 -5.230418e-001 
1.113295e-001 -6.251174e-002 -5.971043e-001 
2.254271e-001 3.436600e-002 -4.952957e-001 
3.919271e-001 -4.401007e-002 -5.061653e-001 
5.438621e-001 -3.626169e-003 -5.026979e-001 
7.161514e-001 1.191672e-002 -4.795932e-001 
8.603765e-001 -9.731758e-002 -5.002814e-001 
-8.579023e-001 3.754971e-002 -5.124390e-001 
-6.699542e-001 6.496986e-002 -5.051261e-001 
-5.241207e-001 8.320980e-002 -4.298501e-001 
-4.091370e-001 8.957124e-002 -5.755809e-001 
-2.087071e-001 9.615181e-002 -5.309404e-001 
-7.385569e-002 2.209205e-001 -5.460771e-001 
7.524933e-002 1.251567e-001 -5.563873e-001 
2.465368e-001 1.901883e-001 -4.796803e-001 
3.846195e-001 8.418306e-002 -5.702471e-001 
5.217289e-001 1.603748e-001 -4.850651e-001 
7.119770e-001 1.854404e-001 -4.305492e-001 
8.090794e-001 1.950262e-001 -5.543963e-001 
-7.993608e-001 1.898362e-001 -5.700742e-001 
-6.265652e-001 2.242538e-001 -5.364137e-001 
-4.831495e-001 2.313196e-001 -4.829318e-001 
-3.410258e-001 2.284603e-001 -5.748757e-001 
-2.343912e-001 2.499117e-001 -4.426682e-001 
-8.275668e-002 3.603378e-001 -4.556946e-001 
8.319696e-002 2.778787e-001 -4.761277e-001 
2.435423e-001 3.469828e-001 -5.560715e-001 
4.155769e-001 2.891398e-001 -4.758918e-001 
6.177417e-001 3.195609e-001 -4.720371e-001 
8.034955e-001 3.589447e-001 -4.749250e-001 
-7.394769e-001 3.510303e-001 -5.744142e-001 
-5.319217e-001 3.905232e-001 -5.490006e-001 
-3.840378e-001 3.622153e-001 -4.581591e-001 
-2.528861e-001 3.874556e-001 -5.340673e-001 
-1.072085e-001 4.002558e-001 -6.123553e-001 
5.131253e-002 3.755072e-001 -5.920828e-001 
3.257417e-001 4.394796e-001 -4.566906e-001 
4.106017e-001 4.138652e-001 -6.185616e-001 
5.192697e-001 4.474914e-001 -4.943101e-001 
6.884868e-001 4.740289e-001 -5.488921e-001 
-6.606376e-001 5.164891e-001 -5.447907e-001 
-5.319784e-001 5.071744e-001 -4.318579e-001 
-3.916605e-001 5.307266e-001 -5.297577e-001 
-1.881052e-001 5.237311e-001 -4.783823e-001 
-1.430715e-002 5.128826e-001 -4.970910e-001 
1.466937e-001 4.704060e-001 -5.025471e-001 
2.623241e-001 6.276510e-001 -5.053801e-001 
4.159978e-001 5.718139e-001 -5.131953e-001 
6.324711e-001 6.130678e-001 -4.734218e-001 
-5.388027e-001 6.693824e-001 -5.114868e-001 
-3.974278e-001 6.884653e-001 -6.066849e-001 
-2.480091e-001 6.617213e-001 -5.140824e-001 
-5.372186e-002 6.709907e-001 -5.304367e-001 
1.135192e-001 6.616274e-001 -5.186112e-001 
3.396299e-001 7.795253e-001 -5.263001e-001 
4.910139e-001 7.131869e-001 -5.002697e-001 
-2.495204e-001 8.017313e-001 -5.431082e-001 
3.192888e-002 8.258020e-001 -5.630557e-001 
1.932111e-001 8.102452e-001 -5.533283e-001 
1.696346e-002 -9.479096e-001 -3.180876e-001 
-4.794531e-001 -7.870500e-001 -3.881712e-001 
-3.202015e-001 -8.737573e-001 -3.660864e-001 
-1.620285e-001 -9.289119e-001 -3.329707e-001 
4.554900e-002 -7.847592e-001 -3.327391e-001 
1.862200e-001 -9.147105e-001 -3.586457e-001 
3.439398e-001 -8.540726e-001 -3.902119e-001 
4.874283e-001 -7.764697e-001 -3.993852e-001 
-6.411912e-001 -6.615362e-001 -3.889006e-001 
-4.739395e-001 -6.261642e-001 -3.394178e-001 
-3.120594e-001 -7.035325e-001 -3.697128e-001 
-1.531323e-001 -7.561714e-001 -3.691573e-001 
-5.230929e-002 -6.668637e-001 -4.459104e-001 
2.016694e-001 -7.501441e-001 -3.735265e-001 
3.344002e-001 -6.599119e-001 -4.020302e-001 
4.779930e-001 -6.126730e-001 -3.759028e-001 
6.347482e-001 -6.672455e-001 -3.897155e-001 
-7.745317e-001 -5.038729e-001 -3.823777e-001 
-6.187834e-001 -5.020152e-001 -3.138787e-001 
-5.234783e-001 -5.116575e-001 -4.470490e-001 
-3.272975e-001 -5.375060e-001 -3.321463e-001 
-1.713830e-001 -5.641348e-001 -3.486401e-001 
-2.898349e-002 -4.835957e-001 -3.527695e-001 
9.745190e-002 -6.040736e-001 -3.718722e-001 
2.316868e-001 -5.241828e-001 -3.515646e-001 
3.714777e-001 -4.657284e-001 -3.638685e-001 
6.340307e-001 -5.035692e-001 -3.604869e-001 
7.738358e-001 -5.332085e-001 -3.418579e-001 
-8.696196e-001 -3.340115e-001 -3.635906e-001 
-7.190959e-001 -3.587643e-001 -2.785864e-001 
-5.273665e-001 -3.536638e-001 -3.363717e-001 
-3.403760e-001 -3.202554e-001 -3.167572e-001 
-1.999255e-001 -3.858194e-001 -3.783175e-001 
-6.160029e-002 -2.906270e-001 -3.142182e-001 
1.144196e-001 -4.077980e-001 -3.971892e-001 
2.560077e-001 -3.106696e-001 -4.104574e-001 
4.033731e-001 -3.168362e-001 -3.039424e-001 
5.448428e-001 -3.368039e-001 -3.617878e-001 
6.429779e-001 -3.439359e-001 -4.758026e-001 
7.932669e-001 -4.097619e-001 -4.503585e-001 
-8.901020e-001 -1.493465e-001 -4.305973e-001 
-7.508678e-001 -2.013489e-001 -4.510447e-001 
-6.332319e-001 -2.219125e-001 -3.331263e-001 
-3.279928e-001 -1.854744e-001 -4.071740e-001 
-1.836341e-001 -1.971313e-001 -3.363333e-001 
-2.527968e-002 -1.576039e-001 -4.136765e-001 
1.210851e-001 -2.430380e-001 -3.436860e-001 
2.021567e-001 -1.214211e-001 -2.785914e-001 
3.643614e-001 -1.675416e-001 -3.805341e-001 
5.218170e-001 -1.951549e-001 -2.837922e-001 
6.993336e-001 -2.470111e-001 -3.712053e-001 
8.822159e-001 -2.497516e-001 -3.991480e-001 
-9.435538e-001 -2.704808e-003 -3.312082e-001 
-7.792961e-001 -1.101652e-002 -4.121223e-001 
-6.045054e-001 -8.714834e-002 -4.039345e-001 
-4.361303e-001 -4.884583e-002 -3.458292e-001 
-2.747817e-001 -4.958826e-002 -3.199633e-001 
-1.774504e-001 -8.091562e-002 -4.749837e-001 
-7.308719e-002 -2.263961e-002 -3.391602e-001 
9.705401e-002 -6.821326e-002 -4.180924e-001 
2.766052e-001 -2.485338e-003 -3.533327e-001 
4.662727e-001 -2.777768e-002 -3.503606e-001 
6.264797e-001 -7.495393e-002 -3.503711e-001 
7.809821e-001 -1.224114e-001 -3.459632e-001 
9.369096e-001 -7.040702e-002 -3.424080e-001 
-9.042841e-001 1.496265e-001 -3.998527e-001 
-7.447212e-001 1.772409e-001 -4.099826e-001 
-6.523398e-001 6.219008e-002 -3.175241e-001 
-3.479508e-001 1.033404e-001 -4.186821e-001 
-1.893809e-001 7.297346e-002 -3.618259e-001 
-6.606331e-002 1.643123e-001 -4.176381e-001 
8.178449e-002 9.297048e-002 -4.016866e-001 
2.197328e-001 1.464219e-001 -3.242653e-001 
4.029921e-001 1.199702e-001 -3.858071e-001 
6.048183e-001 9.254390e-002 -3.496256e-001 
7.877184e-001 3.017778e-002 -3.303314e-001 
8.850508e-001 7.439194e-002 -4.595117e-001 
-8.426919e-001 3.164781e-001 -4.355594e-001 
-7.478547e-001 2.848703e-001 -2.831475e-001 
-5.934223e-001 2.203232e-001 -3.344114e-001 
-4.119398e-001 2.089427e-001 -3.317143e-001 
-2.242751e-001 2.127966e-001 -3.001683e-001 
-8.327193e-002 3.088674e-001 -3.178188e-001 
8.218533e-002 2.440687e-001 -3.175720e-001 
2.089644e-001 3.374806e-001 -3.752349e-001 
3.508752e-001 2.746594e-001 -3.320494e-001 
5.459298e-001 2.532760e-001 -3.293484e-001 
7.781085e-001 1.745910e-001 -2.902128e-001 
8.891036e-001 2.389495e-001 -3.903819e-001 
-7.709516e-001 4.720455e-001 -4.275589e-001 
-6.567451e-001 3.505841e-001 -4.317364e-001 
-5.149343e-001 3.593589e-001 -3.504695e-001 
-3.493592e-001 3.301325e-001 -2.915516e-001 
-2.261376e-001 4.082244e-001 -3.445636e-001 
-9.165907e-002 5.055024e-001 -3.394216e-001 
6.080719e-002 4.195777e-001 -3.493039e-001 
2.642373e-001 4.372403e-001 -2.720022e-001 
4.499716e-001 4.032488e-001 -3.358052e-001 
6.270630e-001 4.611779e-001 -3.630825e-001 
7.085581e-001 3.202296e-001 -3.180326e-001 
8.698858e-001 3.909369e-001 -3.007772e-001 
-6.668334e-001 6.276183e-001 -4.017816e-001 
-5.257699e-001 6.096604e-001 -2.992987e-001 
-3.716366e-001 4.921713e-001 -3.570991e-001 
-2.447620e-001 5.946652e-001 -3.363346e-001 
-1.170865e-001 6.957909e-001 -4.065970e-001 
4.988205e-002 6.062930e-001 -3.725340e-001 
1.901112e-001 5.428372e-001 -3.736390e-001 
3.613322e-001 5.572683e-001 -3.506204e-001 
5.156675e-001 5.814938e-001 -3.559834e-001 
7.719208e-001 5.049540e-001 -3.862120e-001 
-5.351113e-001 7.649322e-001 -3.585173e-001 
-3.949688e-001 6.494969e-001 -4.083130e-001 
-2.485290e-001 7.595993e-001 -3.481204e-001 
-9.560071e-002 8.662574e-001 -4.903658e-001 
3.040215e-002 7.717430e-001 -3.793423e-001 
1.959542e-001 7.317283e-001 -3.750588e-001 
3.663007e-001 7.037746e-001 -3.764233e-001 
5.636861e-001 7.487724e-001 -3.487087e-001 
-3.924635e-001 7.973616e-001 -4.584613e-001 
-2.279889e-001 8.922004e-001 -3.898712e-001 
-5.425288e-002 9.367243e-001 -3.458384e-001 
9.890613e-002 8.972836e-001 -4.302322e-001 
2.647665e-001 8.828716e-001 -3.878612e-001 
4.175798e-001 8.362804e-001 -3.553339e-001 
-2.390088e-001 -9.512225e-001 -1.950655e-001 
-7.183385e-002 -9.829030e-001 -1.695332e-001 
1.206249e-001 -9.733874e-001 -1.948501e-001 
3.013919e-001 -9.282014e-001 -2.181858e-001 
-5.851401e-001 -7.691513e-001 -2.569384e-001 
-4.180768e-001 -8.782400e-001 -2.321773e-001 
-2.589643e-001 -7.984849e-001 -2.157499e-001 
-9.231951e-002 -8.114452e-001 -2.344285e-001 
3.134833e-002 -8.427421e-001 -1.444464e-001 
1.924155e-001 -8.178184e-001 -2.012727e-001 
4.455267e-001 -8.680793e-001 -2.189619e-001 
5.726553e-001 -7.800667e-001 -2.521147e-001 
-7.333569e-001 -6.323798e-001 -2.495665e-001 
-5.624580e-001 -6.238300e-001 -1.968746e-001 
-4.113008e-001 -7.289032e-001 -2.207965e-001 
-2.172184e-001 -6.530665e-001 -2.217905e-001 
-3.950682e-002 -6.447502e-001 -2.724182e-001 
8.438564e-002 -6.793916e-001 -1.862283e-001 
2.177049e-001 -6.422832e-001 -2.512326e-001 
3.668030e-001 -7.462837e-001 -2.584719e-001 
5.541174e-001 -6.306329e-001 -2.241469e-001 
7.181019e-001 -6.536273e-001 -2.389582e-001 
-8.469714e-001 -4.785145e-001 -2.316534e-001 
-6.832218e-001 -4.909922e-001 -1.642166e-001 
-4.564559e-001 -4.732340e-001 -2.495556e-001 
-3.703013e-001 -6.068725e-001 -1.643903e-001 
-2.669512e-001 -4.624798e-001 -2.093110e-001 
-8.769331e-002 -5.391966e-001 -1.670111e-001 
9.183583e-002 -5.081670e-001 -2.162231e-001 
2.724039e-001 -5.007584e-001 -1.640940e-001 
3.818560e-001 -5.817388e-001 -2.289923e-001 
5.176420e-001 -4.671396e-001 -2.804338e-001 
6.643551e-001 -5.129848e-001 -1.773471e-001 
8.391192e-001 -5.115509e-001 -1.849178e-001 
-9.287530e-001 -3.214493e-001 -1.846300e-001 
-7.810271e-001 -3.483357e-001 -1.163912e-001 
-5.866023e-001 -3.392495e-001 -1.764738e-001 
-4.111492e-001 -3.390070e-001 -1.757509e-001 
-2.187129e-001 -3.055332e-001 -1.936358e-001 
-1.034587e-001 -4.186651e-001 -2.280299e-001 
6.163307e-002 -3.578190e-001 -2.322355e-001 
2.280154e-001 -3.813295e-001 -2.552517e-001 
3.978545e-001 -3.958607e-001 -1.767410e-001 
5.787014e-001 -3.431953e-001 -1.744353e-001 
7.038823e-001 -3.720244e-001 -2.814553e-001 
8.772277e-001 -3.819239e-001 -2.908705e-001 
-9.528476e-001 -1.596271e-001 -2.580709e-001 
-8.110947e-001 -2.276770e-001 -2.745783e-001 
-6.802107e-001 -1.840935e-001 -1.758647e-001 
-4.793851e-001 -1.996455e-001 -2.477693e-001 
-3.150549e-001 -1.719299e-001 -2.109344e-001 
-1.400880e-001 -1.421899e-001 -2.043201e-001 
2.299264e-002 -1.461068e-001 -2.455569e-001 
1.413790e-001 -2.491838e-001 -1.444876e-001 
2.908776e-001 -2.312952e-001 -2.418442e-001 
4.389836e-001 -2.267416e-001 -1.490726e-001 
6.688191e-001 -1.830933e-001 -2.041275e-001 
8.085149e-001 -2.448098e-001 -2.117788e-001 
9.478887e-001 -2.103697e-001 -2.392729e-001 
-9.891669e-001 -1.554970e-003 -1.467871e-001 
-8.442168e-001 -5.768374e-002 -1.703582e-001 
-7.617321e-001 -8.321783e-002 -2.992099e-001 
-5.736014e-001 -6.861870e-002 -2.309966e-001 
-4.061123e-001 -4.478513e-002 -1.625897e-001 
-2.053610e-001 -2.112665e-003 -1.864563e-001 
-3.911803e-002 8.883376e-003 -1.690648e-001 
9.837363e-002 1.421046e-002 -2.575423e-001 
2.245521e-001 2.025888e-002 -1.697277e-001 
3.791366e-001 -6.438718e-002 -2.240499e-001 
5.445380e-001 -7.057905e-002 -1.797909e-001 
6.846650e-001 1.028092e-002 -2.027426e-001 
9.841195e-001 -3.581742e-002 -1.738561e-001 
-9.666733e-001 1.446581e-001 -2.112270e-001 
-8.088966e-001 1.062274e-001 -2.539327e-001 
-7.004169e-001 9.835589e-003 -1.569650e-001 
-5.041550e-001 9.070837e-002 -2.404975e-001 
-3.369864e-001 9.039498e-002 -2.369863e-001 
-1.673273e-001 1.592386e-001 -1.682239e-001 
-4.263773e-002 1.358529e-001 -2.604535e-001 
1.150224e-001 1.655401e-001 -1.718242e-001 
3.397024e-001 1.246436e-001 -2.129377e-001 
4.987186e-001 8.645504e-002 -2.189796e-001 
6.451143e-001 1.726478e-001 -1.899060e-001 
8.337427e-001 9.810862e-002 -1.623845e-001 
9.518186e-001 9.666591e-002 -2.910274e-001 
-9.203229e-001 2.718281e-001 -2.812743e-001 
-8.071085e-001 2.323579e-001 -1.254307e-001 
-6.417153e-001 1.702448e-001 -1.685939e-001 
-4.962570e-001 2.746381e-001 -1.793865e-001 
-3.392531e-001 2.349333e-001 -1.438759e-001 
-1.949392e-001 3.403754e-001 -1.824989e-001 
-1.690019e-002 2.833190e-001 -1.703508e-001 
1.250799e-001 3.591512e-001 -1.909073e-001 
2.540102e-001 2.672047e-001 -1.935701e-001 
4.592202e-001 2.515501e-001 -1.981649e-001 
6.233526e-001 3.216748e-001 -1.502624e-001 
7.945661e-001 2.757249e-001 -1.583261e-001 
9.422946e-001 2.553409e-001 -2.165225e-001 
-8.602153e-001 4.264645e-001 -2.795669e-001 
-7.761513e-001 4.171293e-001 -1.562557e-001 
-6.329687e-001 3.559507e-001 -1.962069e-001 
-3.655190e-001 4.157332e-001 -1.713167e-001 
-2.085948e-001 5.141655e-001 -1.833385e-001 
-4.490182e-002 4.473178e-001 -1.997064e-001 
9.906109e-002 5.394737e-001 -2.111536e-001 
2.334117e-001 4.914588e-001 -1.225684e-001 
3.771001e-001 3.763199e-001 -1.571258e-001 
5.472519e-001 4.193771e-001 -2.159366e-001 
7.251434e-001 4.442773e-001 -2.115438e-001 
8.927735e-001 4.299099e-001 -1.346590e-001 
-7.761037e-001 5.691290e-001 -2.715792e-001 
-6.623465e-001 4.659652e-001 -3.086476e-001 
-4.976310e-001 4.619751e-001 -2.350997e-001 
-3.663991e-001 5.834734e-001 -2.140768e-001 
-2.072475e-001 6.825172e-001 -1.906872e-001 
-7.220781e-002 6.356862e-001 -2.534946e-001 
6.952494e-002 7.028062e-001 -2.153665e-001 
2.556839e-001 6.293496e-001 -2.429384e-001 
4.124347e-001 5.279146e-001 -1.983447e-001 
5.978349e-001 5.784198e-001 -2.080327e-001 
8.046968e-001 5.570285e-001 -2.053834e-001 
-6.696009e-001 7.024556e-001 -2.412277e-001 
-5.176141e-001 6.782105e-001 -1.347379e-001 
-3.867084e-001 7.299898e-001 -2.495171e-001 
-2.463436e-001 8.308246e-001 -1.712959e-001 
-8.670268e-002 8.144089e-001 -2.658012e-001 
1.578946e-001 8.153432e-001 -2.345780e-001 
3.137222e-001 7.810651e-001 -2.171875e-001 
4.484702e-001 6.865024e-001 -2.194390e-001 
6.189989e-001 7.627931e-001 -1.870481e-001 
6.985096e-001 6.437546e-001 -3.125129e-001 
-5.451310e-001 8.152417e-001 -1.954821e-001 
-3.835950e-001 8.735445e-001 -2.996247e-001 
-2.134004e-001 9.483048e-001 -2.349005e-001 
-2.441492e-002 9.811664e-001 -1.916152e-001 
1.208661e-001 9.520233e-001 -2.811459e-001 
2.977444e-001 9.290806e-001 -2.194482e-001 
4.815742e-001 8.530053e-001 -2.011671e-001 
-3.403270e-001 -9.367155e-001 -8.210681e-002 
-1.629693e-001 -9.865984e-001 -8.035527e-003 
3.562703e-002 -9.985863e-001 -3.944775e-002 
2.219660e-001 -9.729634e-001 -6.382197e-002 
3.834114e-001 -9.226328e-001 -4.176693e-002 
-5.226445e-001 -8.454521e-001 -1.097887e-001 
-3.482899e-001 -7.935380e-001 -6.165880e-002 
-1.558597e-001 -8.489655e-001 -7.895728e-002 
-1.161678e-002 -8.673336e-001 2.415362e-002 
1.730457e-001 -8.511629e-001 -1.453005e-002 
3.351315e-001 -8.046368e-001 -6.838228e-002 
5.307610e-001 -8.451628e-001 -6.318634e-002 
6.578493e-001 -7.460648e-001 -1.030611e-001 
-6.735972e-001 -7.312416e-001 -1.074827e-001 
-4.908560e-001 -6.971338e-001 -5.096825e-002 
-3.790270e-001 -6.066351e-001 6.881061e-003 
-2.391373e-001 -7.024599e-001 -4.945362e-002 
-7.695780e-002 -6.973452e-001 -1.006469e-001 
1.035851e-001 -7.290540e-001 -2.708969e-002 
2.652011e-001 -6.920416e-001 -1.148554e-001 
4.652986e-001 -7.034646e-001 -1.187222e-001 
5.982204e-001 -6.269507e-001 -2.578035e-002 
7.755050e-001 -6.271851e-001 -7.232495e-002 
-7.959357e-001 -5.993036e-001 -8.556537e-002 
-6.284877e-001 -6.046063e-001 -1.988034e-002 
-5.145784e-001 -4.995000e-001 -1.043140e-001 
-3.619484e-001 -4.591837e-001 -6.141047e-002 
-2.125617e-001 -5.575488e-001 -6.866358e-002 
3.328234e-002 -5.715430e-001 -5.623590e-002 
1.862458e-001 -5.691734e-001 -4.721697e-002 
3.411771e-001 -4.451760e-001 -9.678754e-003 
3.736704e-001 -5.960171e-001 -3.243954e-002 
4.973361e-001 -5.094991e-001 -1.110795e-001 
6.669390e-001 -4.631183e-001 -3.650203e-002 
8.638140e-001 -5.037677e-001 -6.588805e-003 
-9.465000e-001 -3.226502e-001 -5.877585e-003 
-8.842221e-001 -4.635631e-001 -5.710183e-002 
-6.820576e-001 -4.551605e-001 -1.279607e-002 
-5.152554e-001 -3.405925e-001 -2.274785e-002 
-3.204362e-001 -3.249152e-001 -3.110724e-002 
-1.647418e-001 -3.997896e-001 -5.296114e-002 
-4.788627e-003 -4.104925e-001 -6.994005e-002 
1.586509e-001 -4.092106e-001 -7.172544e-002 
2.844336e-001 -3.108722e-001 -8.848062e-002 
4.981049e-001 -3.558687e-001 -2.521170e-002 
6.806962e-001 -2.763151e-001 -6.672176e-002 
7.758963e-001 -3.773887e-001 -1.213693e-001 
9.279268e-001 -3.548989e-001 -1.140114e-001 
-9.841596e-001 -1.602619e-001 -7.580253e-002 
-8.337256e-001 -1.953437e-001 -1.015113e-001 
-6.754934e-001 -2.809885e-001 -3.972370e-002 
-5.471041e-001 -1.635625e-001 -7.331456e-002 
-4.036637e-001 -2.006297e-001 -7.052374e-002 
-2.063003e-001 -2.181527e-001 -4.453530e-002 
-4.344566e-002 -2.629331e-001 -1.314921e-001 
7.548174e-002 -2.739055e-001 2.167072e-002 
2.159795e-001 -1.764658e-001 3.258191e-002 
3.776312e-001 -2.469210e-001 2.087112e-002 
5.573314e-001 -1.895088e-001 -4.277581e-002 
8.344490e-001 -2.021672e-001 -3.209094e-002 
9.793340e-001 -1.883141e-001 -7.377506e-002 
-9.996404e-001 8.249493e-003 2.551336e-002 
-8.529344e-001 -5.804595e-002 1.898002e-002 
-7.062375e-001 -8.232233e-002 -2.222827e-002 
-5.626611e-001 1.642348e-002 -6.712871e-002 
-4.275527e-001 -4.630544e-002 1.347383e-002 
-2.574651e-001 -8.973986e-002 -5.349864e-002 
-5.743873e-002 -1.024661e-001 -5.950874e-002 
1.055407e-001 -1.150140e-001 -1.037703e-001 
2.858850e-001 -1.280777e-001 -1.022079e-001 
4.328205e-001 -8.511108e-002 -4.370027e-002 
5.688226e-001 2.284678e-002 -5.368113e-002 
7.006232e-001 -8.679442e-002 -5.148657e-002 
8.316473e-001 -8.269230e-002 -1.768193e-001 
9.992411e-001 -3.864773e-002 4.846550e-003 
-9.829314e-001 1.777266e-001 -4.753042e-002 
-8.479918e-001 7.990337e-002 -6.587633e-002 
-6.945993e-001 1.171836e-001 -1.679081e-002 
-5.318343e-001 2.045975e-001 -7.697483e-003 
-4.501655e-001 1.204740e-001 -8.251439e-002 
-3.039631e-001 7.403178e-002 -5.537645e-002 
-1.429644e-001 4.511541e-002 -1.646142e-002 
-2.101282e-002 1.440758e-001 -6.144924e-002 
7.904129e-002 3.044852e-002 -5.359072e-002 
3.751086e-001 5.138453e-002 -7.307292e-002 
5.233638e-001 1.735394e-001 -5.652789e-002 
7.110517e-001 1.013586e-001 -3.759367e-002 
8.579853e-001 2.852083e-003 -2.925350e-002 
9.869265e-001 1.213244e-001 -1.060969e-001 
-9.332824e-001 3.372261e-001 -1.235414e-001 
-8.264240e-001 2.020090e-001 6.251855e-002 
-6.490833e-001 2.986791e-001 -4.540005e-002 
-5.356174e-001 4.312024e-001 -6.512003e-002 
-4.455002e-001 3.464750e-001 -1.730178e-002 
-2.007211e-001 2.068780e-001 -2.711325e-002 
-8.795120e-002 3.184149e-001 -4.856652e-002 
7.955078e-002 2.681814e-001 -1.363668e-002 
2.188711e-001 1.574831e-001 -4.982282e-002 
3.636153e-001 2.250240e-001 -4.303702e-002 
6.677975e-001 2.495096e-001 -1.025574e-002 
8.403858e-001 1.964298e-001 -9.246378e-003 
9.557965e-001 2.904720e-001 -4.559707e-002 
-8.748499e-001 4.832241e-001 -3.364637e-002 
-7.869734e-001 3.450224e-001 1.667496e-002 
-6.901743e-001 4.725235e-001 -3.416450e-002 
-3.216637e-001 5.019315e-001 -3.582193e-002 
-2.693257e-001 3.633795e-001 -3.523132e-002 
-1.315410e-001 4.674829e-001 -4.732758e-002 
5.608543e-002 4.386815e-001 -5.575500e-002 
2.258771e-001 3.472064e-001 -3.623126e-002 
3.618090e-001 4.266377e-001 -1.670488e-003 
5.101204e-001 3.446789e-001 -3.594522e-002 
7.704439e-001 3.762619e-001 -3.812047e-002 
9.015499e-001 4.307683e-001 4.057737e-002 
-7.882883e-001 6.040374e-001 -1.172194e-001 
-6.307425e-001 5.539078e-001 -1.601824e-001 
-4.595000e-001 5.569827e-001 -7.207130e-002 
-3.254968e-001 6.752505e-001 -7.287272e-002 
-1.825669e-001 6.312496e-001 -2.448421e-002 
-4.055609e-002 6.037692e-001 -1.019386e-001 
9.896399e-002 5.891007e-001 -2.099519e-002 
2.145956e-001 6.714287e-001 -1.120038e-001 
3.667687e-001 6.064621e-001 -7.370233e-002 
5.066104e-001 4.978682e-001 -5.156435e-002 
6.636782e-001 4.999397e-001 -6.672265e-002 
8.191608e-001 5.733127e-001 -1.697609e-002 
-6.805491e-001 7.295751e-001 -6.762417e-002 
-4.931566e-001 7.045923e-001 3.799717e-002 
-3.874495e-001 7.881844e-001 -7.332900e-002 
-2.051453e-001 8.119606e-001 -8.125893e-004 
-8.515687e-002 7.764362e-001 -1.097796e-001 
8.371791e-002 7.450210e-001 -3.787089e-002 
2.222979e-001 8.378181e-001 -5.676396e-002 
3.826806e-001 7.687555e-001 -5.403294e-002 
5.441381e-001 6.609656e-001 -6.778890e-002 
7.291391e-001 6.736480e-001 -1.206425e-001 
-5.593732e-001 8.287383e-001 -1.716165e-002 
-4.139498e-001 8.991741e-001 -1.418855e-001 
-2.908672e-001 9.554475e-001 -5.016393e-002 
-1.405071e-001 9.862838e-001 -8.661450e-002 
4.169120e-002 8.667869e-001 -1.280317e-001 
2.860251e-001 9.578019e-001 2.837588e-002 
3.911970e-001 9.164321e-001 -8.436299e-002 
5.565582e-001 8.302075e-001 -3.159792e-002 
1.840587e-002 9.997583e-001 -1.202167e-002 
1.645218e-001 9.801803e-001 -1.103594e-001 
-3.210208e-001 -9.440520e-001 7.557356e-002 
-4.997660e-002 -9.906234e-001 1.271523e-001 
1.328228e-001 -9.858005e-001 1.027399e-001 
2.981136e-001 -9.483973e-001 1.080317e-001 
-6.148925e-001 -7.873163e-001 4.516942e-002 
-4.706256e-001 -8.811143e-001 4.635895e-002 
-1.997832e-001 -8.269684e-001 7.260769e-002 
-7.015632e-002 -8.358274e-001 1.928929e-001 
1.003005e-001 -8.030483e-001 1.496876e-001 
2.865297e-001 -8.189376e-001 1.200323e-001 
4.659622e-001 -8.776739e-001 1.121060e-001 
6.236397e-001 -7.782953e-001 7.300696e-002 
-7.373810e-001 -6.712969e-001 7.503144e-002 
-5.274047e-001 -6.602546e-001 1.187440e-001 
-3.697347e-001 -7.556963e-001 1.006644e-001 
-2.218932e-001 -6.506350e-001 1.031605e-001 
-5.857860e-002 -7.196887e-001 4.708092e-002 
8.603045e-002 -6.296173e-001 1.119463e-001 
2.588267e-001 -6.862232e-001 6.374511e-002 
4.484603e-001 -7.240500e-001 5.369240e-002 
5.589436e-001 -6.284992e-001 1.496145e-001 
7.580246e-001 -6.463245e-001 8.754098e-002 
-8.380141e-001 -5.387004e-001 8.680058e-002 
-6.690738e-001 -5.275504e-001 1.498359e-001 
-5.109456e-001 -5.012162e-001 5.575966e-002 
-3.803806e-001 -5.723275e-001 1.660684e-001 
-2.562272e-001 -4.825435e-001 7.976933e-002 
-8.509089e-002 -5.521373e-001 4.590900e-002 
-4.732372e-003 -5.291186e-001 2.151916e-001 
2.402454e-001 -5.065057e-001 1.106124e-001 
3.921398e-001 -5.676899e-001 1.423999e-001 
5.112926e-001 -5.028136e-001 5.390883e-002 
6.932625e-001 -5.126768e-001 1.083299e-001 
8.596928e-001 -4.859350e-001 1.574659e-001 
-9.301667e-001 -3.272647e-001 1.663966e-001 
-7.845932e-001 -3.833112e-001 8.201647e-002 
-6.079373e-001 -3.651994e-001 1.297251e-001 
-4.064891e-001 -3.787938e-001 1.078541e-001 
-2.274953e-001 -3.340875e-001 1.080785e-001 
-6.295201e-002 -3.973670e-001 1.070805e-001 
8.595335e-002 -4.610277e-001 7.304590e-002 
2.300574e-001 -3.339217e-001 8.482116e-002 
3.888837e-001 -3.844304e-001 1.371458e-001 
6.180810e-001 -3.387843e-001 8.294942e-002 
7.884052e-001 -3.547453e-001 5.451016e-002 
9.395691e-001 -3.380986e-001 5.384412e-002 
-9.813508e-001 -1.656499e-001 9.752251e-002 
-8.233137e-001 -2.217322e-001 5.415260e-002 
-6.538041e-001 -2.297882e-001 8.058042e-002 
-4.824614e-001 -2.224249e-001 1.059971e-001 
-3.405416e-001 -1.838008e-001 8.889321e-002 
-1.949550e-001 -1.858468e-001 1.542631e-001 
-7.053745e-002 -2.559127e-001 3.259989e-002 
1.382205e-001 -1.954127e-001 1.839382e-001 
3.144541e-001 -2.053490e-001 1.946253e-001 
4.937827e-001 -2.346715e-001 1.226086e-001 
6.812323e-001 -1.899889e-001 8.841168e-002 
8.134510e-001 -2.227643e-001 1.639462e-001 
9.767415e-001 -1.848656e-001 1.086311e-001 
-9.784975e-001 -1.697220e-002 2.055593e-001 
-8.613345e-001 -1.166012e-001 1.996965e-001 
-7.284037e-001 -9.995446e-002 1.628780e-001 
-5.760622e-001 -8.552589e-002 9.698344e-002 
-4.423062e-001 -3.803832e-002 1.824112e-001 
-2.707182e-001 -1.348069e-002 1.033817e-001 
-1.241093e-001 -1.017527e-001 8.652827e-002 
5.925111e-002 -1.014087e-001 7.684481e-002 
2.258428e-001 -1.015267e-002 9.109208e-003 
3.664395e-001 -8.134976e-002 8.957791e-002 
5.498573e-001 -6.993607e-002 9.096330e-002 
7.051495e-001 5.286927e-003 9.916431e-002 
8.382193e-001 -8.667929e-002 9.635890e-002 
9.841302e-001 -9.534258e-003 1.771917e-001 
-9.784030e-001 1.614276e-001 1.291076e-001 
-8.564336e-001 5.345400e-002 1.335131e-001 
-7.114638e-001 5.051796e-002 1.227836e-001 
-5.510653e-001 8.163433e-002 1.069577e-001 
-3.894836e-001 1.071165e-001 1.030202e-001 
-1.990177e-001 1.349830e-001 1.417061e-001 
-3.731364e-002 2.550279e-002 1.024549e-001 
1.016744e-001 1.061999e-001 9.130110e-002 
2.844203e-001 1.149430e-001 1.104248e-001 
4.365202e-001 7.822841e-002 7.004942e-002 
5.888381e-001 1.080958e-001 1.076546e-001 
6.997135e-001 2.001288e-001 1.413819e-001 
8.376405e-001 9.900742e-002 1.261049e-001 
9.900078e-001 1.277330e-001 5.973909e-002 
-9.435351e-001 3.274912e-001 4.991088e-002 
-7.598552e-001 3.326113e-001 1.908836e-001 
-6.611610e-001 2.336271e-001 1.170924e-001 
-4.883850e-001 2.530240e-001 1.524884e-001 
-3.458944e-001 2.273574e-001 4.260984e-002 
-2.016598e-001 3.239849e-001 1.109531e-001 
-6.588708e-002 1.994488e-001 8.395920e-002 
2.043922e-001 2.601903e-001 1.053364e-001 
3.699705e-001 2.899779e-001 9.168292e-002 
5.230853e-001 2.592715e-001 1.129590e-001 
6.324029e-001 3.821660e-001 9.056595e-002 
8.069636e-001 2.948141e-001 1.251212e-001 
9.505097e-001 2.809375e-001 1.326853e-001 
-8.709598e-001 4.710914e-001 1.396491e-001 
-7.163138e-001 4.779948e-001 1.209531e-001 
-5.816518e-001 3.966514e-001 1.090695e-001 
-3.746054e-001 3.930346e-001 1.217905e-001 
-2.184041e-001 4.909631e-001 9.703216e-002 
-4.898374e-002 3.848036e-001 9.352286e-002 
1.210185e-001 4.144244e-001 1.007406e-001 
2.383006e-001 5.265381e-001 3.693099e-002 
4.856892e-001 4.423890e-001 1.298757e-001 
6.030922e-001 5.811612e-001 7.673341e-002 
7.401627e-001 4.703932e-001 1.017392e-001 
8.712684e-001 4.491426e-001 1.978947e-001 
-7.818744e-001 6.212201e-001 5.251715e-002 
-6.082673e-001 5.950306e-001 2.372430e-002 
-4.643487e-001 5.190537e-001 9.467735e-002 
-3.435046e-001 6.180770e-001 8.496757e-002 
-1.883824e-001 6.578967e-001 1.358610e-001 
-4.093130e-002 5.419383e-001 7.990465e-002 
1.130896e-001 5.586040e-001 1.490301e-001 
2.585445e-001 6.893974e-001 4.647227e-002 
4.043277e-001 5.714988e-001 9.300120e-002 
6.786354e-001 7.071001e-001 1.986541e-001 
7.816538e-001 6.018436e-001 1.637119e-001 
-6.620226e-001 7.396855e-001 1.207950e-001 
-4.768940e-001 6.836499e-001 1.884463e-001 
-3.378462e-001 7.801836e-001 9.375301e-002 
-1.690421e-001 8.177598e-001 1.612631e-001 
-4.315932e-002 7.086549e-001 6.068259e-002 
1.212808e-001 7.084312e-001 1.363833e-001 
2.930150e-001 7.969798e-001 1.378665e-001 
4.604547e-001 7.119077e-001 7.092796e-002 
5.684112e-001 8.086385e-001 1.516985e-001 
6.930913e-001 7.202218e-001 3.008346e-002 
-5.202706e-001 8.355750e-001 1.764454e-001 
-4.300866e-001 9.013158e-001 5.153045e-002 
-2.816701e-001 9.519130e-001 1.205143e-001 
-3.909819e-002 8.665295e-001 3.742454e-002 
1.239049e-001 8.581261e-001 9.534129e-002 
2.769967e-001 9.399187e-001 1.995635e-001 
4.340905e-001 8.963691e-001 8.993300e-002 
-1.451711e-001 9.860758e-001 8.111596e-002 
1.385422e-001 9.867717e-001 8.418805e-002 
-2.048980e-001 -9.600564e-001 1.905478e-001 
-8.307176e-002 -9.443498e-001 3.182805e-001 
6.560012e-002 -9.648395e-001 2.545220e-001 
2.230468e-001 -9.376605e-001 2.665389e-001 
-5.256973e-001 -8.283964e-001 1.933954e-001 
-3.783493e-001 -8.964715e-001 2.306309e-001 
-2.446629e-001 -7.894327e-001 2.304395e-001 
-1.388965e-001 -7.619500e-001 3.620808e-001 
2.614918e-002 -8.026164e-001 3.252334e-001 
2.055784e-001 -7.990448e-001 2.839934e-001 
3.818685e-001 -8.808541e-001 2.797721e-001 
5.459833e-001 -8.015445e-001 2.437798e-001 
-6.606207e-001 -7.179391e-001 2.194169e-001 
-5.614606e-001 -6.094318e-001 2.715307e-001 
-4.091988e-001 -7.129698e-001 2.598219e-001 
-2.495388e-001 -6.273463e-001 2.606481e-001 
-8.001185e-002 -6.809312e-001 2.022499e-001 
7.045675e-002 -6.679861e-001 2.931891e-001 
2.235903e-001 -6.610716e-001 2.162341e-001 
3.894690e-001 -7.256047e-001 2.131707e-001 
4.922169e-001 -6.316772e-001 2.984728e-001 
6.748853e-001 -7.022930e-001 2.265266e-001 
-8.539686e-001 -4.636920e-001 2.360663e-001 
-7.594864e-001 -5.956435e-001 2.615132e-001 
-5.038956e-001 -4.834173e-001 2.234153e-001 
-4.038850e-001 -5.642109e-001 3.556342e-001 
-1.592779e-001 -5.024932e-001 2.157212e-001 
4.900732e-002 -5.336596e-001 4.064245e-001 
1.496918e-001 -5.068297e-001 2.532410e-001 
3.185479e-001 -5.489173e-001 2.788981e-001 
4.361559e-001 -4.663550e-001 3.020440e-001 
6.289178e-001 -5.193766e-001 2.771231e-001 
7.661731e-001 -5.818856e-001 2.727413e-001 
-8.680790e-001 -3.482046e-001 3.538255e-001 
-6.803911e-001 -4.112767e-001 2.833696e-001 
-5.012989e-001 -3.459093e-001 2.619592e-001 
-3.200560e-001 -4.397416e-001 2.474787e-001 
-1.623202e-001 -3.425727e-001 2.504744e-001 
-4.485449e-003 -3.985957e-001 2.972702e-001 
1.078178e-001 -3.587522e-001 1.916249e-001 
2.699068e-001 -3.744311e-001 2.577718e-001 
4.294184e-001 -2.938275e-001 2.803751e-001 
5.436326e-001 -4.191185e-001 1.854829e-001 
7.284188e-001 -3.709550e-001 2.147104e-001 
9.159341e-001 -3.287393e-001 2.302069e-001 
-9.369893e-001 -1.996419e-001 2.866954e-001 
-7.731600e-001 -2.814848e-001 2.188653e-001 
-6.203836e-001 -2.175797e-001 2.493065e-001 
-4.812701e-001 -1.700443e-001 2.678576e-001 
-3.429711e-001 -2.765946e-001 2.418052e-001 
-1.881306e-001 -1.840568e-001 3.097221e-001 
-3.027924e-002 -2.454267e-001 1.920485e-001 
9.144493e-002 -2.522482e-001 3.344683e-001 
2.138371e-001 -1.478011e-001 3.190767e-001 
4.846373e-001 -1.285097e-001 2.412483e-001 
6.168221e-001 -2.423582e-001 2.544171e-001 
7.762230e-001 -2.077192e-001 3.135865e-001 
9.476111e-001 -1.538050e-001 2.799593e-001 
-9.279837e-001 -3.880020e-002 3.705952e-001 
-7.603662e-001 -1.315342e-001 3.355544e-001 
-6.056954e-001 -2.314405e-002 2.654460e-001 
-4.385834e-001 -4.241720e-002 3.661649e-001 
-3.156803e-001 -1.022206e-001 2.478873e-001 
-1.552823e-001 -1.043081e-002 2.414270e-001 
-2.869329e-002 -1.144929e-001 2.496216e-001 
7.575291e-002 -1.646600e-002 2.504611e-001 
2.070023e-001 -3.315040e-002 1.711683e-001 
3.590251e-001 -1.400016e-002 2.306733e-001 
6.747218e-001 -9.418619e-002 2.242394e-001 
8.291000e-001 -3.190177e-002 2.525368e-001 
9.350553e-001 3.378666e-002 3.528883e-001 
-9.459378e-001 1.323909e-001 2.960986e-001 
-7.827837e-001 2.657585e-002 3.027344e-001 
-6.396568e-001 1.489995e-001 2.577262e-001 
-4.677666e-001 1.241509e-001 2.719246e-001 
-3.150686e-001 7.086246e-002 2.685238e-001 
-1.803791e-001 1.571093e-001 3.345318e-001 
-3.513094e-002 1.203659e-001 2.380131e-001 
1.379429e-001 1.424735e-001 2.459673e-001 
2.682319e-001 1.057470e-001 3.039900e-001 
5.286742e-001 3.050862e-002 2.446959e-001 
6.883171e-001 6.848482e-002 2.764238e-001 
8.042090e-001 1.631790e-001 2.813520e-001 
9.573761e-001 1.578584e-001 2.418921e-001 
-9.257907e-001 3.090785e-001 2.176743e-001 
-8.050153e-001 1.807881e-001 2.412126e-001 
-5.873772e-001 3.219470e-001 2.698839e-001 
-4.137675e-001 3.117116e-001 2.932817e-001 
-3.073376e-001 2.342437e-001 2.174993e-001 
-1.234138e-001 2.935782e-001 2.445321e-001 
3.788092e-002 2.662909e-001 1.720983e-001 
1.354187e-001 3.262295e-001 2.645593e-001 
2.836820e-001 2.497362e-001 2.491777e-001 
4.242732e-001 1.557439e-001 2.011797e-001 
5.863947e-001 2.092936e-001 2.715618e-001 
7.277494e-001 3.441102e-001 2.558695e-001 
8.958635e-001 3.263784e-001 3.015058e-001 
-8.361857e-001 4.531533e-001 3.089428e-001 
-6.722574e-001 4.497215e-001 2.867379e-001 
-4.727006e-001 4.605121e-001 2.533780e-001 
-2.787195e-001 4.151202e-001 2.496543e-001 
-1.340312e-001 4.894230e-001 2.330120e-001 
5.860872e-003 4.396096e-001 2.464925e-001 
1.576311e-001 4.950101e-001 2.856534e-001 
2.871558e-001 4.249911e-001 1.697541e-001 
4.211156e-001 3.196213e-001 2.644241e-001 
5.563358e-001 3.778868e-001 2.668190e-001 
6.492239e-001 5.034975e-001 2.394574e-001 
7.985548e-001 5.008843e-001 3.338039e-001 
-7.617633e-001 6.076397e-001 2.247014e-001 
-5.973228e-001 5.759681e-001 2.021448e-001 
-4.587420e-001 6.328162e-001 3.224625e-001 
-3.208107e-001 5.658836e-001 2.377305e-001 
-1.570461e-001 6.619974e-001 2.877652e-001 
-1.832892e-002 6.406496e-001 2.232514e-001 
1.379869e-001 6.494994e-001 3.126488e-001 
2.747519e-001 6.114456e-001 2.041537e-001 
4.093488e-001 5.077601e-001 2.655797e-001 
5.363903e-001 6.151841e-001 2.226555e-001 
6.906033e-001 6.358268e-001 3.446614e-001 
-6.262815e-001 7.221806e-001 2.936439e-001 
-4.747689e-001 8.079909e-001 3.489200e-001 
-3.224722e-001 7.454029e-001 2.410633e-001 
-1.676046e-001 8.035062e-001 3.296721e-001 
-1.602782e-002 8.179008e-001 2.159035e-001 
1.480982e-001 8.077067e-001 2.722472e-001 
2.873871e-001 7.380874e-001 3.292047e-001 
4.131606e-001 7.094667e-001 2.244875e-001 
5.609928e-001 7.607917e-001 3.263175e-001 
-3.633465e-001 9.008197e-001 2.377039e-001 
-1.746569e-001 9.463462e-001 2.718893e-001 
-1.651415e-002 9.835463e-001 1.798999e-001 
1.227550e-001 9.554997e-001 2.682377e-001 
2.768889e-001 8.890412e-001 3.646071e-001 
4.255040e-001 8.654607e-001 2.644318e-001 
-3.897312e-001 -8.311140e-001 3.966852e-001 
-2.397492e-001 -8.999287e-001 3.642096e-001 
-6.773685e-002 -8.797893e-001 4.705129e-001 
1.113779e-001 -9.023916e-001 4.162745e-001 
2.857376e-001 -8.519225e-001 4.388418e-001 
4.753056e-001 -7.811728e-001 4.047884e-001 
-6.567539e-001 -6.341865e-001 4.080218e-001 
-5.424524e-001 -7.655353e-001 3.459785e-001 
-4.842653e-001 -6.720342e-001 4.411405e-001 
-2.941070e-001 -7.058365e-001 3.980236e-001 
-1.132872e-002 -6.998524e-001 4.657104e-001 
1.604439e-001 -7.312930e-001 4.432660e-001 
3.234110e-001 -7.101733e-001 3.689335e-001 
3.897637e-001 -7.441243e-001 5.425526e-001 
6.249474e-001 -6.804084e-001 3.827337e-001 
-7.688634e-001 -4.942894e-001 4.056193e-001 
-5.647465e-001 -4.916648e-001 3.859709e-001 
-3.963068e-001 -3.961168e-001 3.943378e-001 
-2.508239e-001 -5.211114e-001 3.859457e-001 
-9.760807e-002 -6.027195e-001 3.579724e-001 
2.010176e-001 -5.836536e-001 3.991792e-001 
3.000152e-001 -4.569750e-001 4.341434e-001 
4.028679e-001 -5.994016e-001 4.363209e-001 
5.549451e-001 -5.050951e-001 4.252552e-001 
7.068606e-001 -5.455226e-001 4.502812e-001 
-7.825353e-001 -3.551401e-001 5.113843e-001 
-6.207429e-001 -3.869564e-001 4.667058e-001 
-5.184319e-001 -2.893250e-001 4.062575e-001 
-2.453428e-001 -3.327551e-001 3.882209e-001 
-1.145629e-001 -4.367892e-001 3.938478e-001 
2.198085e-002 -3.546634e-001 4.860435e-001 
1.574551e-001 -3.887608e-001 3.870525e-001 
2.859480e-001 -2.705680e-001 3.879959e-001 
4.198898e-001 -3.647211e-001 4.507383e-001 
5.686699e-001 -3.540024e-001 3.420716e-001 
7.019896e-001 -3.760677e-001 3.718694e-001 
8.295950e-001 -4.472336e-001 3.342966e-001 
-8.702500e-001 -1.950554e-001 4.523475e-001 
-7.095090e-001 -2.683811e-001 3.887626e-001 
-5.885440e-001 -1.220197e-001 4.077087e-001 
-3.544696e-001 -1.983281e-001 3.964706e-001 
-2.071480e-001 -1.918240e-001 4.929466e-001 
-6.441440e-002 -2.557130e-001 3.883189e-001 
1.470933e-001 -2.229835e-001 4.981625e-001 
2.892577e-001 -1.093625e-001 4.922310e-001 
3.875100e-001 -1.396597e-001 3.636449e-001 
5.179049e-001 -2.164432e-001 4.210642e-001 
6.851077e-001 -2.207167e-001 4.481666e-001 
8.709289e-001 -2.855481e-001 3.999315e-001 
-8.530276e-001 -2.697108e-002 5.211683e-001 
-7.244073e-001 -5.112899e-002 4.678511e-001 
-5.819208e-001 5.783724e-002 4.120508e-001 
-3.301916e-001 -6.465513e-002 5.259801e-001 
-2.476729e-001 -3.038360e-002 3.888929e-001 
-9.158330e-002 -9.352904e-002 4.149140e-001 
6.286475e-002 -1.032600e-001 4.078053e-001 
2.239325e-001 -1.935268e-002 3.606694e-001 
4.131013e-001 2.999719e-003 3.975096e-001 
5.915806e-001 -8.112849e-002 3.684569e-001 
7.557327e-001 -5.176794e-002 3.997505e-001 
8.931042e-001 -1.076263e-001 4.367853e-001 
-8.843062e-001 1.296280e-001 4.485523e-001 
-7.345615e-001 1.320580e-001 4.193571e-001 
-5.455690e-001 2.101639e-001 3.912456e-001 
-3.892376e-001 8.363530e-002 4.365360e-001 
-2.189989e-001 9.000963e-002 4.912955e-001 
-6.266934e-002 4.276097e-002 3.811458e-001 
9.330738e-002 8.446215e-002 4.066556e-001 
2.772704e-001 8.667511e-002 4.803913e-001 
4.257154e-001 1.466369e-001 3.501496e-001 
5.826411e-001 8.449219e-002 4.180679e-001 
7.297861e-001 9.798891e-002 4.627842e-001 
8.616412e-001 7.033312e-002 5.026208e-001 
-8.767364e-001 2.921132e-001 3.821035e-001 
-7.254328e-001 2.870330e-001 3.599016e-001 
-4.756839e-001 3.489438e-001 4.203736e-001 
-3.362788e-001 2.095969e-001 3.993211e-001 
-1.590245e-001 2.626527e-001 4.768315e-001 
-2.207950e-003 2.314845e-001 3.575453e-001 
3.075902e-002 2.731530e-001 5.115764e-001 
1.758472e-001 2.368089e-001 4.105172e-001 
3.327975e-001 2.449586e-001 4.284395e-001 
5.201654e-001 2.664083e-001 4.174116e-001 
7.075337e-001 2.367012e-001 3.850047e-001 
8.862940e-001 2.059373e-001 4.148165e-001 
-7.672808e-001 4.403151e-001 4.662647e-001 
-5.593700e-001 5.108056e-001 3.818541e-001 
-6.312071e-001 3.778043e-001 4.565950e-001 
-3.612892e-001 4.805256e-001 3.981710e-001 
-2.417048e-001 3.423507e-001 3.663490e-001 
-7.382569e-002 3.881774e-001 3.894065e-001 
9.295245e-002 3.994149e-001 4.156055e-001 
2.724850e-001 3.894785e-001 3.438211e-001 
4.282571e-001 4.122719e-001 4.094311e-001 
6.505519e-001 3.906928e-001 4.063868e-001 
8.107556e-001 3.757654e-001 4.488604e-001 
-7.107513e-001 5.874331e-001 3.869818e-001 
-4.432216e-001 5.922361e-001 4.771771e-001 
-2.793148e-001 6.221016e-001 5.056381e-001 
-1.923804e-001 5.334661e-001 3.796977e-001 
-7.138415e-003 5.690997e-001 3.674277e-001 
1.419037e-001 5.577880e-001 4.700870e-001 
2.906560e-001 5.517438e-001 3.793663e-001 
4.321881e-001 6.416981e-001 3.803071e-001 
5.529366e-001 5.245321e-001 3.858740e-001 
6.965922e-001 5.286777e-001 4.850352e-001 
-5.710320e-001 6.832325e-001 4.550997e-001 
-3.078431e-001 6.887810e-001 3.824185e-001 
-1.266591e-001 6.908120e-001 4.633497e-001 
-2.160560e-003 7.545868e-001 3.757969e-001 
1.381246e-001 7.300055e-001 4.545217e-001 
2.854869e-001 6.623914e-001 4.914105e-001 
4.246165e-001 7.954827e-001 4.323286e-001 
5.690487e-001 6.691568e-001 4.779255e-001 
-3.087228e-001 8.677912e-001 3.893953e-001 
-1.356028e-001 8.760513e-001 4.627591e-001 
-1.892227e-002 9.320719e-001 3.617788e-001 
1.265391e-001 8.865644e-001 4.449624e-001 
2.758781e-001 8.067061e-001 5.226056e-001 
-2.323014e-001 -8.212680e-001 5.211093e-001 
-9.047801e-002 -7.831026e-001 6.152756e-001 
7.602598e-002 -8.211012e-001 5.656968e-001 
2.327115e-001 -7.613163e-001 6.051801e-001 
-5.374617e-001 -6.267644e-001 5.641820e-001 
-3.810383e-001 -7.400150e-001 5.542450e-001 
-1.838161e-001 -6.424227e-001 5.121297e-001 
-6.282870e-002 -6.394128e-001 6.158324e-001 
1.037688e-001 -6.218122e-001 5.682042e-001 
2.718284e-001 -6.076040e-001 5.471695e-001 
4.014338e-001 -6.285375e-001 6.661768e-001 
5.460910e-001 -6.444063e-001 5.352804e-001 
-6.613680e-001 -5.114621e-001 5.486336e-001 
-4.635557e-001 -4.826318e-001 5.177367e-001 
-3.390263e-001 -5.909808e-001 5.349473e-001 
-2.520334e-001 -4.587992e-001 5.259959e-001 
-5.972343e-002 -5.075554e-001 5.246619e-001 
1.402531e-001 -4.618279e-001 5.406180e-001 
3.191653e-001 -4.715457e-001 6.214531e-001 
4.501286e-001 -5.033535e-001 5.528148e-001 
6.274463e-001 -4.900847e-001 6.050852e-001 
-6.745754e-001 -3.589161e-001 6.450793e-001 
-5.090152e-001 -3.333999e-001 5.939298e-001 
-3.514521e-001 -3.171124e-001 5.350930e-001 
-1.552538e-001 -3.346809e-001 5.410808e-001 
-5.944181e-002 -3.632801e-001 6.509244e-001 
9.848258e-002 -3.187476e-001 6.429037e-001 
2.587805e-001 -3.285622e-001 5.511874e-001 
4.783218e-001 -3.495499e-001 6.185902e-001 
5.886379e-001 -3.613474e-001 5.147668e-001 
7.703274e-001 -3.913237e-001 5.034495e-001 
-7.825136e-001 -1.964070e-001 5.908441e-001 
-6.382161e-001 -2.231509e-001 5.365850e-001 
-4.627617e-001 -1.739273e-001 5.128132e-001 
-3.126696e-001 -1.901793e-001 6.229862e-001 
-1.415549e-001 -2.039892e-001 6.667907e-001 
-2.187265e-002 -1.919768e-001 5.584671e-001 
9.830143e-002 -1.418497e-001 6.690245e-001 
2.553890e-001 -1.753017e-001 6.513930e-001 
3.949107e-001 -2.160563e-001 5.406924e-001 
5.782218e-001 -2.007851e-001 5.929200e-001 
8.124203e-001 -2.031842e-001 5.465249e-001 
-7.480614e-001 -4.878907e-002 6.618336e-001 
-6.174782e-001 -8.205812e-002 5.990892e-001 
-4.919194e-001 -9.545301e-003 5.405775e-001 
-2.410659e-001 -5.432499e-002 6.903696e-001 
-1.499788e-001 -4.211963e-002 5.566528e-001 
7.450388e-003 -1.050295e-002 5.543477e-001 
1.567687e-001 -4.553739e-002 5.322225e-001 
2.425390e-001 6.487425e-003 6.552413e-001 
3.814798e-001 -2.534862e-002 5.963735e-001 
4.994053e-001 -6.116417e-002 5.131296e-001 
6.636883e-001 -5.742742e-002 5.402024e-001 
8.024561e-001 -4.120509e-002 5.952868e-001 
-7.900298e-001 1.194048e-001 6.013280e-001 
-6.355164e-001 7.929649e-002 5.711452e-001 
-4.635846e-001 1.791895e-001 5.275471e-001 
-3.556219e-001 5.845216e-002 6.250527e-001 
-1.742807e-001 9.135785e-002 6.770740e-001 
-5.929271e-002 1.321721e-001 5.185353e-001 
1.261777e-001 1.330601e-001 5.614053e-001 
3.191715e-001 1.565539e-001 6.136730e-001 
4.573310e-001 1.277536e-001 5.268863e-001 
5.968067e-001 9.359485e-002 6.040757e-001 
7.484138e-001 1.173944e-001 6.527598e-001 
-7.933547e-001 2.821042e-001 5.394493e-001 
-6.419076e-001 2.286913e-001 5.257442e-001 
-5.224922e-001 3.171035e-001 6.027446e-001 
-2.866046e-001 1.928600e-001 5.898169e-001 
-2.319922e-001 3.361309e-001 6.292647e-001 
-1.052288e-001 2.379372e-001 6.521253e-001 
6.536412e-002 2.902225e-001 6.691904e-001 
2.157893e-001 2.868350e-001 5.752273e-001 
3.984854e-001 3.014316e-001 5.484680e-001 
6.255740e-001 2.383769e-001 5.319822e-001 
7.916028e-001 2.461958e-001 5.592430e-001 
-6.678465e-001 3.961095e-001 6.301415e-001 
-4.910321e-001 4.559242e-001 5.453839e-001 
-3.518269e-001 3.325868e-001 5.156782e-001 
-2.074843e-001 4.440654e-001 5.061619e-001 
-6.582837e-002 3.892059e-001 5.871475e-001 
1.054144e-001 4.371354e-001 5.804756e-001 
2.648962e-001 4.141590e-001 4.993292e-001 
3.965532e-001 4.166790e-001 6.446406e-001 
5.462453e-001 4.027192e-001 5.397047e-001 
6.965508e-001 3.979363e-001 5.970457e-001 
-6.293436e-001 5.473559e-001 5.516594e-001 
-4.707695e-001 6.256825e-001 6.220109e-001 
-3.319536e-001 5.062409e-001 5.928488e-001 
-1.544302e-001 5.902598e-001 5.998339e-001 
-3.886915e-002 5.163532e-001 4.972682e-001 
1.369277e-001 5.864130e-001 6.573294e-001 
2.785941e-001 5.380781e-001 5.946243e-001 
4.237445e-001 5.341960e-001 5.141827e-001 
5.713518e-001 5.534851e-001 6.059796e-001 
-4.140807e-001 7.567153e-001 5.058845e-001 
-2.565244e-001 8.027954e-001 5.382517e-001 
1.393270e-002 6.601615e-001 5.496816e-001 
1.316744e-001 7.666158e-001 6.284601e-001 
2.767129e-001 6.890954e-001 6.697593e-001 
4.300093e-001 6.932668e-001 5.783366e-001 
-1.397919e-003 8.388697e-001 5.443305e-001 
-2.474636e-001 -7.005935e-001 6.692761e-001 
-9.853300e-002 -6.488841e-001 7.544804e-001 
7.396751e-002 -7.100259e-001 7.002800e-001 
2.372478e-001 -6.343046e-001 7.357793e-001 
-5.457014e-001 -4.861561e-001 6.825411e-001 
-4.074553e-001 -6.063709e-001 6.828576e-001 
-1.796597e-001 -5.094914e-001 6.662939e-001 
7.088911e-003 -5.006161e-001 6.789891e-001 
1.741131e-001 -5.033137e-001 6.874635e-001 
3.453051e-001 -4.943042e-001 7.977642e-001 
4.935853e-001 -4.870884e-001 7.204987e-001 
-5.407249e-001 -3.331723e-001 7.724072e-001 
-3.667590e-001 -4.500463e-001 6.516487e-001 
-2.509274e-001 -3.555458e-001 6.981612e-001 
-1.295558e-001 -3.370728e-001 7.944388e-001 
4.961117e-002 -4.035784e-001 8.017412e-001 
2.178846e-001 -3.544819e-001 7.358942e-001 
3.608604e-001 -3.346650e-001 6.986366e-001 
6.017357e-001 -3.360727e-001 7.245476e-001 
-6.567405e-001 -2.106925e-001 7.240860e-001 
-4.972913e-001 -1.657033e-001 6.674597e-001 
-3.960109e-001 -2.776018e-001 7.216211e-001 
-2.532778e-001 -1.972636e-001 8.001740e-001 
-8.978302e-004 -2.390588e-001 7.826571e-001 
1.539833e-001 -2.330054e-001 8.092931e-001 
3.170287e-001 -2.008779e-001 7.911249e-001 
4.479494e-001 -1.808425e-001 6.932520e-001 
5.788317e-001 -1.782095e-001 7.957356e-001 
7.147309e-001 -3.212781e-001 6.212409e-001 
-6.096131e-001 -6.465676e-002 7.900578e-001 
-4.953583e-001 1.229465e-002 7.072164e-001 
-3.776871e-001 -8.171754e-002 7.629219e-001 
-2.140446e-001 -4.199277e-003 8.358775e-001 
-6.257919e-002 -6.083930e-002 7.081604e-001 
9.538806e-002 1.313462e-002 7.083609e-001 
2.150154e-001 -6.169975e-002 8.151208e-001 
3.777183e-001 -3.858577e-002 7.675076e-001 
5.405958e-001 -4.075794e-002 6.812760e-001 
7.065774e-001 -1.679326e-001 6.874205e-001 
-6.682487e-001 7.759117e-002 7.398806e-001 
-5.229104e-001 1.537003e-001 6.663323e-001 
-3.352918e-001 1.027979e-001 7.817463e-001 
-1.506363e-001 1.752542e-001 8.209290e-001 
-5.274751e-003 1.223020e-001 6.917517e-001 
1.733438e-001 1.745970e-001 7.083987e-001 
2.921281e-001 1.094827e-001 8.011763e-001 
4.486958e-001 1.097847e-001 7.167564e-001 
6.019989e-001 1.301639e-001 7.878164e-001 
6.769834e-001 -1.717492e-002 7.357979e-001 
-6.797589e-001 2.369673e-001 6.940997e-001 
-5.450360e-001 3.181125e-001 7.757191e-001 
-3.998277e-001 2.338641e-001 7.049707e-001 
-2.559920e-001 2.756230e-001 7.716609e-001 
1.425374e-002 2.360837e-001 8.249962e-001 
1.861202e-001 2.765425e-001 8.142640e-001 
3.419668e-001 2.704444e-001 7.301577e-001 
5.050369e-001 2.533863e-001 6.537444e-001 
6.600826e-001 2.646565e-001 7.030276e-001 
-5.201853e-001 4.797467e-001 7.065765e-001 
-3.803824e-001 3.897507e-001 6.859791e-001 
-1.992243e-001 4.632084e-001 7.046745e-001 
-9.203529e-002 3.586096e-001 7.704559e-001 
7.219564e-002 4.181115e-001 7.579465e-001 
2.307630e-001 4.087553e-001 6.995405e-001 
3.922345e-001 4.226159e-001 8.170360e-001 
5.528898e-001 4.171636e-001 7.213095e-001 
-3.545757e-001 5.547289e-001 7.526965e-001 
-1.763276e-001 6.287511e-001 7.573510e-001 
-2.696575e-002 5.244122e-001 6.815672e-001 
1.116106e-001 5.655040e-001 8.171586e-001 
2.770603e-001 5.584420e-001 7.819080e-001 
4.282805e-001 5.679684e-001 7.028426e-001 
-3.061966e-001 6.901015e-001 6.557466e-001 
-1.250653e-001 7.620027e-001 6.353822e-001 
1.072555e-003 6.846967e-001 7.288273e-001 
-2.674035e-001 -5.640468e-001 7.812468e-001 
-9.666720e-002 -5.185432e-001 8.495695e-001 
6.511257e-002 -5.831831e-001 8.097270e-001 
-4.038500e-001 -4.500489e-001 7.964679e-001 
-2.425302e-001 -4.227484e-001 8.731912e-001 
-5.170574e-002 -3.758196e-001 9.252492e-001 
1.889177e-001 -4.790775e-001 8.572018e-001 
3.036397e-001 -3.383652e-001 8.906806e-001 
4.637127e-001 -3.332932e-001 8.209057e-001 
-5.016273e-001 -1.783609e-001 8.464972e-001 
-3.742222e-001 -3.014733e-001 8.769673e-001 
-2.079765e-001 -2.667670e-001 9.410532e-001 
-4.152635e-002 -2.241914e-001 9.736600e-001 
1.245362e-001 -3.317615e-001 9.351070e-001 
2.605214e-001 -1.776546e-001 9.489823e-001 
4.298656e-001 -1.722407e-001 8.863119e-001 
-4.728163e-001 7.805173e-003 8.811265e-001 
-3.488436e-001 -1.313077e-001 9.279366e-001 
-1.903164e-001 -9.634787e-002 9.769835e-001 
-1.085417e-001 -1.375635e-001 8.443934e-001 
5.586368e-002 -8.449268e-002 8.508186e-001 
1.705077e-001 -1.687889e-002 9.852118e-001 
3.474768e-001 -1.808602e-002 9.375141e-001 
5.219686e-001 -1.668865e-002 8.528014e-001 
-5.389300e-001 1.513003e-001 8.286511e-001 
-3.285614e-001 3.781487e-002 9.437253e-001 
-2.542081e-001 1.735806e-001 9.514452e-001 
-4.835226e-002 5.187646e-002 8.442047e-001 
1.199052e-001 9.592469e-002 8.499280e-001 
2.488792e-001 1.337888e-001 9.592496e-001 
4.346609e-001 1.299491e-001 8.911695e-001 
-4.047957e-001 2.198401e-001 8.875870e-001 
-2.398218e-001 3.199671e-001 9.165733e-001 
-6.733246e-002 2.306851e-001 9.706960e-001 
1.320307e-001 2.602977e-001 9.564586e-001 
3.290083e-001 2.743193e-001 9.036053e-001 
5.001952e-001 2.753577e-001 8.209646e-001 
-3.924100e-001 3.885269e-001 8.337033e-001 
-2.337998e-001 4.717924e-001 8.501468e-001 
-9.210359e-002 3.782244e-001 9.211206e-001 
5.825979e-002 4.028141e-001 9.134258e-001 
2.234475e-001 4.217360e-001 8.787548e-001 
-6.116454e-002 5.342989e-001 8.430798e-001 
-1.806885e-002 -4.841062e-002 9.986641e-001 
1.064987e-001 -1.745813e-001 9.788664e-001 
-1.385274e-001 6.982931e-002 9.878937e-001 
4.930805e-002 1.127848e-001 9.923952e-001 
