1045 3
30 13 20 
560 549 557 
471 458 485 
162 136 160 
83 74 61 
97 74 83 
10 2 0 
359 331 344 
30 20 37 
126 137 111 
111 137 124 
520 528 509 
347 331 359 
446 457 475 
493 472 484 
546 559 558 
370 383 397 
397 383 410 
531 541 548 
323 337 352 
419 392 406 
392 377 406 
407 392 419 
96 74 97 
132 157 145 
160 136 135 
136 110 135 
161 133 145 
65 83 61 
79 65 58 
25 18 33 
151 137 126 
300 261 281 
280 261 300 
232 220 204 
177 191 204 
33 18 24 
124 137 150 
177 204 192 
192 204 220 
35 55 45 
45 23 35 
68 62 45 
45 55 68 
68 55 77 
68 82 62 
39 26 22 
22 26 10 
316 344 331 
108 116 129 
163 149 170 
63 85 86 
115 101 86 
86 101 84 
147 149 163 
163 159 147 
122 147 134 
134 147 159 
59 84 71 
27 37 20 
39 22 29 
17 16 31 
88 100 77 
478 500 487 
269 259 274 
274 292 269 
221 254 240 
221 200 213 
257 228 240 
479 472 493 
472 479 456 
456 479 467 
538 554 550 
537 520 538 
537 550 543 
538 550 537 
543 528 537 
528 520 537 
549 532 544 
557 549 544 
382 347 359 
365 347 382 
388 402 415 
388 376 365 
365 382 388 
388 382 402 
415 403 388 
388 403 376 
463 457 439 
460 477 466 
460 446 475 
475 477 460 
415 446 433 
433 403 415 
418 403 433 
446 460 433 
476 457 463 
475 457 476 
476 498 475 
510 523 502 
502 523 514 
423 411 437 
493 484 506 
547 546 558 
561 559 551 
559 546 551 
355 383 370 
355 368 383 
281 261 247 
262 252 282 
282 299 262 
262 299 281 
281 247 262 
309 299 282 
418 433 445 
445 460 466 
445 433 460 
432 443 419 
419 406 432 
432 406 418 
418 445 432 
531 521 512 
514 523 534 
494 471 485 
485 507 494 
364 352 337 
364 377 392 
410 383 395 
383 368 395 
381 408 395 
395 368 381 
435 410 422 
410 395 422 
422 395 408 
419 443 431 
431 407 419 
420 407 431 
431 444 420 
392 407 379 
379 364 392 
352 364 379 
394 407 420 
394 408 381 
420 408 394 
394 379 407 
458 444 470 
485 458 470 
434 408 420 
420 444 434 
434 422 408 
434 444 458 
176 162 160 
176 188 162 
242 259 269 
145 133 121 
121 132 145 
186 199 213 
213 200 186 
120 96 97 
110 96 120 
120 135 110 
175 176 160 
190 176 175 
175 187 190 
161 187 175 
133 161 148 
148 120 133 
135 120 148 
161 175 148 
160 135 148 
148 175 160 
48 65 61 
36 58 48 
48 58 65 
42 58 36 
36 25 42 
42 25 33 
33 52 42 
42 52 58 
153 127 141 
178 151 166 
193 178 166 
193 166 180 
180 166 153 
238 252 222 
23 7 19 
19 35 23 
14 28 19 
28 35 19 
41 23 45 
41 24 23 
45 62 41 
33 24 41 
41 52 33 
62 52 41 
11 7 23 
23 24 11 
11 24 18 
165 150 177 
177 192 165 
137 151 164 
164 150 137 
178 191 164 
164 151 178 
164 191 177 
177 150 164 
152 165 181 
181 165 192 
171 186 157 
199 186 171 
124 150 138 
138 165 152 
150 165 138 
10 26 15 
2 10 15 
15 28 14 
14 3 15 
3 2 15 
82 68 89 
100 114 89 
77 100 89 
89 68 77 
9 10 0 
9 22 10 
335 316 310 
344 316 335 
335 360 344 
81 57 71 
70 57 81 
116 108 95 
95 101 116 
84 101 95 
108 81 95 
71 84 95 
95 81 71 
128 101 115 
116 101 128 
163 170 189 
189 170 201 
149 147 123 
123 147 122 
122 98 123 
104 98 122 
115 86 104 
104 86 85 
85 98 104 
104 134 115 
122 134 104 
251 245 226 
273 251 287 
273 245 251 
38 59 47 
47 27 38 
37 27 47 
47 57 37 
47 59 71 
71 57 47 
84 59 72 
63 86 72 
72 86 84 
30 37 49 
37 57 49 
49 57 70 
17 29 12 
12 29 22 
22 9 12 
17 12 4 
39 29 46 
54 67 46 
90 113 102 
126 111 102 
102 113 126 
76 67 54 
90 67 76 
54 46 34 
34 46 29 
34 29 17 
17 31 34 
21 31 16 
16 8 21 
21 13 30 
21 8 13 
69 76 54 
69 80 91 
91 76 69 
100 88 112 
124 138 112 
78 67 90 
90 102 78 
426 451 425 
426 425 401 
401 425 399 
441 451 426 
378 405 390 
390 405 417 
319 292 302 
292 274 302 
315 301 280 
280 300 315 
315 300 328 
370 397 384 
384 397 411 
396 411 423 
396 384 411 
393 405 378 
421 405 393 
279 313 298 
301 313 279 
307 293 278 
321 307 340 
321 293 307 
304 293 321 
321 333 304 
268 257 240 
240 254 268 
254 278 268 
268 278 293 
275 293 304 
275 268 293 
257 268 275 
228 257 244 
509 503 488 
467 479 488 
525 503 519 
509 528 519 
519 503 509 
513 503 525 
499 520 509 
509 488 499 
499 488 479 
499 479 493 
461 484 472 
421 436 447 
436 461 447 
472 456 447 
447 461 472 
527 544 532 
530 544 527 
515 527 532 
507 527 515 
505 494 515 
515 494 507 
530 521 540 
531 548 540 
540 521 531 
492 507 485 
485 470 492 
492 470 481 
418 406 389 
389 403 418 
389 406 377 
389 377 363 
363 376 389 
376 403 389 
402 382 398 
391 412 398 
398 382 359 
463 439 438 
415 402 427 
427 446 415 
457 446 427 
427 439 457 
256 229 243 
510 502 489 
489 502 477 
489 498 510 
475 498 489 
489 477 475 
466 477 490 
477 502 490 
490 480 466 
490 502 514 
449 436 423 
423 437 449 
449 461 436 
449 437 462 
424 437 411 
424 410 435 
411 397 424 
424 397 410 
462 437 450 
435 459 450 
450 424 435 
437 424 450 
486 462 474 
462 450 474 
474 450 459 
538 520 516 
493 506 516 
516 499 493 
520 499 516 
495 506 484 
555 547 558 
547 555 542 
542 554 538 
542 555 554 
561 551 552 
552 560 561 
549 560 552 
281 299 314 
314 300 281 
328 300 314 
233 247 261 
323 352 339 
339 309 323 
443 432 453 
453 469 443 
453 445 466 
453 432 445 
466 480 453 
480 469 453 
531 512 524 
514 534 524 
524 541 531 
524 534 541 
501 512 521 
501 492 481 
506 495 517 
535 551 546 
227 212 198 
444 431 455 
455 469 481 
443 469 455 
455 431 443 
481 470 455 
455 470 444 
435 422 448 
422 434 448 
448 434 458 
448 459 435 
458 471 448 
471 459 448 
109 121 133 
109 120 97 
133 120 109 
97 83 109 
119 132 107 
132 121 107 
107 94 119 
79 94 107 
174 186 200 
200 187 174 
174 187 161 
174 161 145 
145 157 174 
157 186 174 
200 221 205 
205 187 200 
205 221 240 
240 228 205 
205 228 190 
190 187 205 
62 82 73 
73 52 62 
82 94 73 
73 94 79 
79 58 73 
58 52 73 
127 113 103 
103 113 90 
103 76 91 
90 76 103 
117 141 127 
117 103 91 
127 103 117 
139 166 151 
139 151 126 
139 127 153 
153 166 139 
126 113 139 
139 113 127 
194 180 167 
153 141 167 
167 180 153 
234 262 247 
252 262 234 
234 222 252 
238 222 209 
209 222 194 
212 197 184 
198 212 184 
184 172 198 
184 155 172 
14 19 6 
6 19 7 
6 3 14 
152 181 168 
168 181 195 
195 181 208 
220 235 208 
208 192 220 
208 181 192 
157 132 144 
144 171 157 
156 171 144 
144 132 119 
183 171 156 
183 168 195 
156 168 183 
199 171 183 
119 94 105 
105 94 82 
82 89 105 
105 89 114 
152 168 140 
140 168 156 
92 80 70 
70 81 92 
92 81 108 
115 134 146 
146 128 115 
158 128 146 
146 173 158 
146 134 159 
159 173 146 
129 116 143 
116 128 143 
143 128 158 
143 155 129 
158 172 143 
172 155 143 
217 189 201 
201 226 217 
217 226 245 
287 310 288 
288 273 287 
310 316 288 
245 273 258 
51 59 38 
51 72 59 
63 72 51 
5 8 16 
5 16 17 
17 4 5 
1 12 9 
1 4 12 
1 9 0 
31 21 40 
30 49 40 
40 21 30 
87 102 111 
87 78 102 
44 35 28 
55 35 44 
43 26 39 
426 401 413 
413 441 426 
385 399 373 
385 401 399 
451 441 465 
464 478 487 
487 465 464 
464 465 441 
417 405 430 
430 405 421 
421 447 430 
430 447 456 
371 333 356 
340 361 356 
356 321 340 
333 321 356 
375 390 404 
404 429 416 
417 429 404 
404 390 417 
330 345 319 
319 302 330 
384 396 369 
421 393 409 
409 396 423 
423 436 409 
409 436 421 
263 279 298 
301 279 260 
280 301 260 
248 235 220 
248 260 279 
248 263 235 
279 263 248 
248 220 232 
232 260 248 
195 208 223 
223 208 235 
213 199 225 
348 361 340 
375 361 348 
362 390 375 
375 348 362 
362 348 336 
336 351 362 
378 390 362 
362 351 378 
289 275 304 
289 302 274 
257 275 272 
272 244 257 
275 289 272 
259 244 272 
272 274 259 
272 289 274 
215 176 190 
190 228 215 
228 244 215 
482 488 503 
482 468 454 
454 467 482 
467 488 482 
525 519 536 
536 528 543 
536 519 528 
503 513 496 
496 482 503 
500 478 496 
496 513 500 
496 478 468 
468 482 496 
522 518 505 
505 515 522 
522 515 532 
522 535 518 
545 544 530 
530 540 545 
402 398 414 
414 427 402 
439 427 414 
414 438 439 
414 398 412 
412 438 414 
372 398 359 
391 398 372 
372 360 391 
359 344 372 
344 360 372 
332 347 365 
270 256 285 
480 490 504 
504 490 514 
514 524 504 
504 524 512 
484 461 473 
461 449 473 
473 449 462 
473 462 486 
486 495 473 
473 495 484 
486 474 497 
505 518 497 
247 233 219 
219 234 247 
232 204 218 
218 204 191 
246 261 280 
246 233 261 
246 218 233 
232 218 246 
280 260 246 
246 260 232 
381 368 354 
379 394 367 
352 379 367 
367 339 352 
367 354 339 
367 394 381 
381 354 367 
492 501 511 
507 492 511 
511 521 530 
511 501 521 
530 527 511 
511 527 507 
508 517 495 
508 497 518 
508 495 486 
486 497 508 
538 516 526 
526 542 538 
526 516 506 
506 517 526 
546 547 533 
533 526 517 
547 542 533 
542 526 533 
539 552 551 
551 535 539 
535 522 539 
539 522 532 
539 532 549 
549 552 539 
267 253 239 
212 227 239 
224 197 212 
212 239 224 
224 239 253 
224 253 238 
238 209 224 
224 209 197 
238 253 266 
266 252 238 
282 252 266 
363 377 349 
337 322 349 
349 364 337 
377 364 349 
93 109 83 
93 65 79 
83 65 93 
79 107 93 
121 109 93 
93 107 121 
91 80 106 
106 117 91 
80 92 106 
194 222 207 
222 234 207 
207 180 194 
234 219 207 
193 180 207 
207 219 193 
197 209 182 
194 167 182 
182 209 194 
199 183 210 
210 225 199 
237 225 210 
210 223 237 
210 183 195 
195 223 210 
125 140 114 
125 112 138 
125 138 152 
152 140 125 
125 114 100 
100 112 125 
131 105 114 
114 140 131 
119 105 131 
131 140 156 
131 144 119 
156 144 131 
189 217 202 
163 189 202 
173 196 185 
158 173 185 
198 172 185 
185 172 158 
303 316 331 
303 288 316 
31 40 50 
50 69 54 
54 34 50 
50 34 31 
53 75 66 
55 44 66 
66 44 53 
77 55 66 
66 88 77 
66 75 88 
88 75 99 
75 87 99 
99 87 111 
99 111 124 
124 112 99 
99 112 88 
53 44 32 
26 43 32 
32 43 53 
32 44 28 
28 15 32 
32 15 26 
56 43 39 
67 78 56 
39 46 56 
56 46 67 
441 413 428 
386 413 401 
386 385 371 
401 385 386 
442 429 417 
417 430 442 
442 467 454 
454 429 442 
442 456 467 
442 430 456 
371 385 346 
346 333 371 
341 369 353 
343 355 370 
328 355 343 
343 315 328 
380 409 393 
353 369 380 
380 369 396 
396 409 380 
237 223 250 
235 263 250 
250 223 235 
213 225 236 
236 221 213 
254 221 236 
340 307 325 
325 348 340 
312 336 325 
336 348 325 
378 351 366 
366 393 378 
353 380 366 
366 380 393 
312 297 324 
324 336 312 
324 351 336 
297 311 324 
317 289 304 
317 346 330 
317 330 302 
302 289 317 
304 333 317 
333 346 317 
231 215 244 
259 242 231 
231 244 259 
557 544 556 
544 545 556 
553 540 548 
553 545 540 
553 556 545 
365 376 350 
350 332 365 
350 376 363 
229 256 241 
256 270 241 
480 504 491 
491 501 481 
512 501 491 
491 504 512 
481 469 491 
491 469 480 
505 497 483 
483 497 474 
471 494 483 
483 494 505 
483 459 471 
483 474 459 
193 219 206 
206 219 233 
206 178 193 
206 191 178 
206 218 191 
233 218 206 
342 354 368 
368 355 342 
342 355 328 
328 314 342 
327 314 299 
339 354 327 
327 342 314 
354 342 327 
299 309 327 
309 339 327 
517 508 529 
529 533 517 
518 535 529 
529 508 518 
529 535 546 
546 533 529 
283 253 267 
283 266 253 
141 117 130 
117 106 130 
197 182 169 
169 184 197 
155 184 169 
230 202 217 
230 258 243 
230 217 245 
245 258 230 
229 196 214 
243 229 214 
214 230 243 
202 230 214 
179 173 159 
179 196 173 
179 159 163 
163 202 179 
179 214 196 
202 214 179 
211 196 229 
211 185 196 
229 241 211 
211 241 227 
211 227 198 
198 185 211 
318 303 331 
331 347 318 
347 332 318 
318 332 305 
303 318 290 
290 305 285 
290 318 305 
273 288 286 
288 303 286 
286 258 273 
303 290 286 
69 50 60 
60 50 40 
80 69 60 
70 80 60 
60 49 70 
60 40 49 
53 43 64 
43 56 64 
64 75 53 
64 56 78 
78 87 64 
64 87 75 
440 428 416 
454 468 440 
440 429 454 
416 429 440 
452 464 441 
441 428 452 
428 440 452 
452 440 468 
468 478 452 
478 464 452 
413 386 400 
416 428 400 
400 428 413 
358 385 373 
358 346 385 
373 345 358 
345 330 358 
330 346 358 
369 341 357 
384 369 357 
370 384 357 
357 343 370 
237 250 264 
265 278 254 
254 236 265 
326 311 298 
298 313 326 
326 341 353 
313 341 326 
338 366 351 
351 324 338 
338 324 311 
311 326 338 
353 366 338 
338 326 353 
215 231 203 
188 176 203 
176 215 203 
285 305 291 
291 270 285 
291 284 270 
306 284 291 
334 350 363 
322 306 334 
363 349 334 
334 349 322 
255 239 227 
227 241 255 
267 239 255 
255 284 267 
270 284 255 
255 241 270 
294 283 267 
294 306 322 
267 284 294 
294 284 306 
266 283 295 
282 266 295 
323 309 295 
295 309 282 
118 106 92 
118 130 106 
118 92 108 
118 108 129 
154 169 182 
154 182 167 
154 167 141 
141 130 154 
243 258 271 
271 290 285 
258 286 271 
271 286 290 
271 256 243 
285 256 271 
416 400 387 
387 404 416 
375 404 387 
387 361 375 
374 400 386 
371 356 374 
374 386 371 
374 356 361 
361 387 374 
374 387 400 
329 357 341 
329 313 301 
329 341 313 
301 315 329 
315 343 329 
343 357 329 
297 264 277 
277 264 250 
277 311 297 
277 250 263 
277 263 298 
298 311 277 
312 325 296 
278 265 296 
307 278 296 
296 325 307 
276 297 312 
276 264 297 
312 296 276 
276 296 265 
216 231 242 
216 203 231 
188 203 216 
306 291 320 
320 334 306 
350 334 320 
332 350 320 
305 332 320 
320 291 305 
308 295 283 
283 294 308 
308 337 323 
323 295 308 
308 322 337 
308 294 322 
155 169 142 
129 155 142 
142 118 129 
169 154 142 
130 118 142 
142 154 130 
249 276 265 
249 236 225 
249 265 236 
264 276 249 
249 225 237 
237 264 249 
