5601 4
555 859 569 554 
1008 693 681 1007 
808 817 818 482 
808 1117 818 817 
198 495 483 188 
995 1006 1255 1007 
995 692 1006 1007 
1262 1263 1018 1270 
1262 1018 1263 1006 
197 198 483 188 
197 483 198 482 
363 661 662 672 
276 578 562 277 
273 587 573 574 
559 575 273 574 
584 271 585 572 
1271 1018 1263 1270 
1271 1263 1018 1006 
534 553 235 234 
610 599 598 609 
610 620 621 609 
610 598 620 609 
568 555 569 554 
556 569 555 859 
223 21 8 20 
1 198 197 188 
372 371 681 381 
16 216 17 15 
10 211 11 23 
10 1 11 211 
10 225 211 23 
226 11 211 23 
226 39 225 244 
226 211 225 23 
226 225 39 23 
245 244 226 544 
245 39 226 244 
580 592 901 581 
912 592 901 911 
912 901 592 581 
1118 808 1117 818 
494 818 198 482 
494 808 818 482 
494 198 483 482 
494 483 198 495 
243 225 39 244 
579 578 562 885 
579 562 578 277 
189 197 483 188 
189 483 495 188 
189 483 484 495 
189 495 200 188 
189 200 495 496 
189 495 484 496 
493 198 818 482 
493 494 508 818 
493 198 494 818 
224 8 9 208 
224 223 8 208 
224 8 223 21 
978 998 988 672 
492 483 197 482 
492 818 817 482 
492 493 818 482 
492 197 198 482 
492 198 493 482 
492 197 493 198 
221 503 519 518 
306 610 621 609 
306 599 610 609 
588 273 575 574 
588 587 273 574 
354 662 661 344 
354 661 363 344 
354 363 661 662 
1020 721 1033 739 
577 562 276 578 
706 707 693 381 
706 707 1020 693 
706 721 1020 707 
842 859 860 519 
842 859 519 518 
1019 1271 1018 1006 
1019 1006 692 1007 
1019 1006 1018 692 
1019 692 693 1007 
1019 693 1008 1007 
1019 1018 1271 1281 
967 977 659 649 
537 556 860 557 
516 553 534 234 
840 534 875 518 
535 266 875 554 
535 555 568 554 
535 859 554 518 
535 555 859 518 
535 859 555 554 
535 875 266 553 
535 875 534 518 
535 534 553 235 
535 534 875 553 
889 568 569 554 
889 568 901 569 
928 620 610 598 
928 610 917 598 
948 631 620 958 
948 620 631 621 
571 282 584 271 
571 271 584 572 
259 273 559 575 
259 261 35 45 
42 33 255 235 
199 11 1 211 
199 495 200 228 
199 1 198 211 
199 200 495 188 
199 495 198 188 
199 198 1 188 
407 394 406 421 
219 534 235 234 
219 235 19 234 
219 33 19 235 
219 535 534 518 
219 534 535 235 
29 17 216 15 
1096 786 1080 1079 
751 750 432 731 
751 432 750 431 
12 1 199 11 
12 199 1 188 
525 226 244 544 
525 493 209 211 
525 209 493 508 
525 209 225 211 
525 225 226 211 
525 244 866 544 
525 226 225 244 
401 135 389 400 
401 400 389 701 
401 389 702 701 
417 135 400 144 
417 135 401 400 
30 216 29 17 
418 419 402 403 
360 371 116 370 
360 667 369 359 
650 967 649 640 
230 214 27 14 
264 39 245 244 
264 243 39 244 
349 667 359 656 
227 226 525 544 
227 245 226 544 
227 246 245 544 
253 535 553 235 
253 535 266 553 
253 235 553 234 
253 41 31 40 
253 49 41 40 
527 849 546 544 
527 546 246 544 
527 246 227 544 
545 245 246 544 
545 246 546 544 
545 264 244 564 
545 244 245 544 
545 264 245 244 
545 244 866 564 
545 866 244 544 
289 592 580 581 
289 912 592 581 
831 1118 1117 818 
820 484 495 496 
819 808 1118 818 
819 494 808 818 
819 1118 831 818 
819 508 494 818 
819 831 508 818 
819 831 832 508 
923 592 912 911 
923 912 1193 911 
868 546 527 849 
1161 1160 1173 865 
543 225 243 244 
543 525 225 244 
543 525 209 225 
543 209 224 225 
543 224 243 225 
543 866 525 244 
884 562 578 885 
884 578 577 885 
884 562 577 578 
929 917 1197 1204 
929 928 917 1204 
929 928 610 917 
907 587 588 574 
907 588 587 600 
907 895 1179 574 
670 372 371 681 
966 659 977 649 
966 977 967 649 
966 967 1234 649 
966 1234 967 977 
1017 1262 1018 1270 
913 1193 923 912 
815 489 826 488 
815 826 489 501 
256 270 238 44 
256 556 537 238 
332 333 630 323 
957 649 967 640 
315 306 621 609 
315 621 620 609 
315 620 631 609 
315 631 620 621 
315 325 631 621 
315 324 631 325 
315 306 609 305 
315 82 306 305 
210 224 9 208 
210 209 224 208 
210 209 493 211 
210 224 209 225 
210 225 209 211 
210 10 225 211 
257 221 537 238 
257 585 271 572 
257 537 556 238 
257 271 571 572 
257 270 571 271 
257 557 537 572 
257 556 256 238 
257 256 270 238 
257 556 537 557 
257 571 557 572 
257 571 256 556 
257 256 571 270 
257 571 556 557 
936 1211 946 1218 
936 946 618 617 
936 946 1211 618 
1062 1319 1320 1080 
1103 1104 1091 781 
997 1008 681 1007 
335 324 334 88 
335 334 324 325 
1257 989 988 998 
999 998 1009 695 
999 684 998 695 
999 1257 1009 998 
999 989 1257 998 
999 1009 1010 695 
999 1010 684 695 
999 1257 989 1250 
1032 1049 1292 1281 
1032 1033 1049 1281 
1032 1019 1033 1281 
1032 1018 1019 1281 
1032 1049 1033 739 
485 484 189 483 
485 189 484 496 
490 489 826 501 
490 826 489 502 
206 205 219 19 
206 490 503 502 
596 597 905 585 
596 293 597 585 
596 905 584 585 
596 584 293 585 
596 293 584 583 
312 616 313 322 
312 616 303 313 
312 303 302 74 
312 303 616 302 
626 636 329 320 
626 625 636 320 
615 625 626 320 
558 273 573 574 
558 559 273 574 
683 661 363 672 
683 998 695 672 
683 998 684 695 
683 684 364 373 
683 364 363 373 
586 284 587 573 
586 587 284 599 
660 967 650 640 
660 659 977 987 
660 977 967 987 
660 659 967 977 
660 967 659 649 
660 650 967 649 
316 335 326 88 
316 325 315 621 
316 315 306 621 
316 315 82 306 
316 324 335 88 
316 335 324 325 
316 324 315 325 
316 82 315 324 
316 82 324 88 
286 64 55 63 
285 273 588 587 
285 588 273 575 
285 286 588 575 
285 63 54 62 
285 70 63 62 
285 55 54 63 
468 478 467 801 
641 631 315 324 
641 631 325 958 
641 631 324 325 
641 324 334 325 
641 334 335 325 
795 796 803 804 
795 1104 1103 781 
795 1103 794 781 
436 158 157 172 
436 158 159 146 
436 159 418 146 
788 468 467 801 
788 453 468 801 
788 468 453 467 
788 467 478 801 
465 182 181 477 
465 466 182 477 
979 662 661 672 
979 661 978 672 
979 978 988 672 
263 264 243 39 
263 48 562 277 
263 562 579 277 
263 48 243 562 
38 39 225 23 
38 243 225 39 
38 263 243 39 
38 243 48 37 
38 243 263 48 
38 224 243 37 
38 243 224 225 
262 562 48 277 
262 48 57 277 
262 243 48 562 
262 57 48 47 
262 276 562 277 
262 57 276 277 
262 57 47 56 
262 47 261 56 
240 35 259 261 
236 555 535 518 
236 255 535 555 
236 535 219 518 
236 255 237 33 
236 503 221 518 
236 219 503 518 
236 535 255 235 
236 219 535 235 
236 255 33 235 
236 33 219 235 
1256 995 1255 1007 
1256 995 1247 1255 
1256 1008 997 1007 
1248 977 659 987 
879 860 1168 557 
1155 860 842 859 
1064 754 1045 1063 
916 905 597 585 
916 905 596 597 
841 826 827 502 
841 502 503 519 
841 519 503 518 
841 842 519 518 
841 840 842 518 
217 16 216 17 
517 534 840 518 
517 219 534 518 
517 827 826 502 
517 841 827 502 
517 841 840 827 
517 840 841 518 
517 490 826 501 
517 826 490 502 
517 490 206 502 
517 503 219 518 
517 841 503 518 
517 503 841 502 
517 206 503 502 
517 206 219 503 
254 568 266 554 
254 266 535 554 
254 535 568 554 
254 255 535 235 
254 535 255 555 
254 568 535 555 
254 535 253 235 
254 253 535 266 
254 49 253 266 
254 42 255 235 
254 253 41 235 
254 41 49 50 
254 253 49 41 
254 42 43 255 
254 42 50 43 
254 41 42 235 
254 42 41 50 
567 889 568 901 
567 266 568 554 
567 568 889 554 
567 901 568 581 
567 580 901 581 
567 278 580 581 
632 1220 1219 938 
632 631 325 621 
632 948 631 621 
632 1219 948 938 
632 948 1219 958 
632 325 631 958 
632 631 948 958 
374 684 124 373 
374 364 684 373 
0 210 10 9 
0 197 1 198 
0 493 197 198 
0 1 10 211 
0 10 210 211 
0 210 493 211 
0 198 1 211 
0 493 198 211 
34 237 255 33 
34 255 42 33 
34 43 42 255 
34 237 256 255 
34 238 237 44 
34 256 238 44 
34 256 237 238 
18 205 19 234 
18 16 217 17 
32 31 18 234 
32 18 19 234 
32 42 41 235 
32 19 235 234 
32 19 33 235 
32 33 42 235 
32 41 253 235 
32 253 41 31 
32 235 253 234 
32 253 31 234 
213 199 200 228 
213 199 12 200 
213 230 214 27 
509 199 198 211 
509 495 199 228 
509 198 199 495 
509 198 493 211 
509 494 198 495 
509 493 525 211 
509 525 493 508 
509 494 819 508 
509 493 494 508 
509 494 493 198 
509 525 226 211 
509 525 227 226 
192 202 5 191 
83 326 89 88 
83 316 326 88 
83 82 316 88 
398 713 699 714 
398 727 713 714 
398 410 134 409 
398 699 700 714 
112 364 106 113 
112 363 364 373 
112 363 354 662 
112 364 363 662 
355 354 106 100 
355 112 354 662 
355 112 106 354 
355 364 112 662 
355 106 112 364 
355 106 364 113 
177 461 185 184 
177 459 461 184 
13 213 27 26 
13 12 213 26 
13 27 214 14 
13 213 214 27 
13 3 214 200 
13 214 213 200 
183 182 466 477 
183 182 171 466 
183 477 466 478 
183 478 788 467 
183 466 788 478 
68 294 303 293 
405 721 706 707 
148 439 407 421 
476 465 181 477 
176 459 177 184 
118 374 125 124 
118 374 124 373 
118 112 364 373 
118 364 112 113 
118 364 374 373 
118 374 364 113 
448 751 750 431 
448 784 463 462 
448 463 784 768 
368 678 690 689 
368 359 667 656 
368 667 666 656 
368 369 667 359 
1095 1096 1080 1079 
1095 1096 1342 1080 
7 217 18 16 
7 204 16 6 
7 217 16 204 
101 355 106 100 
110 360 350 361 
108 356 102 348 
24 226 39 23 
24 226 245 39 
24 227 245 226 
24 11 226 23 
76 306 82 305 
1011 1010 999 1009 
1315 1091 1330 1316 
145 135 417 144 
145 136 417 135 
145 418 136 146 
145 136 418 417 
145 436 158 157 
145 158 436 146 
145 436 418 146 
145 418 436 417 
145 144 435 157 
145 435 436 157 
145 417 435 144 
145 436 435 417 
390 417 136 135 
390 417 401 402 
390 401 417 135 
390 135 136 128 
390 418 417 402 
390 418 136 417 
390 418 402 403 
390 136 418 403 
390 389 135 128 
390 389 401 135 
390 402 391 403 
390 136 129 128 
390 129 136 403 
250 29 30 216 
232 250 30 216 
232 30 250 251 
378 689 690 128 
378 368 690 689 
378 369 368 359 
378 368 369 690 
109 349 667 359 
109 349 350 667 
109 110 360 350 
109 667 360 359 
109 350 360 667 
107 356 101 102 
107 108 356 102 
107 101 355 106 
107 355 101 356 
80 85 312 86 
80 302 66 74 
80 312 302 74 
51 58 280 65 
51 280 281 65 
657 349 350 340 
657 350 349 667 
657 667 349 656 
984 666 667 656 
984 667 657 656 
28 230 27 14 
212 226 11 211 
212 11 199 211 
212 226 24 11 
212 227 24 226 
212 11 24 26 
212 12 11 26 
212 12 199 11 
212 509 226 211 
212 509 227 226 
212 199 509 211 
212 213 12 26 
212 12 213 199 
212 199 213 228 
212 509 199 228 
212 227 509 228 
869 527 868 546 
510 495 509 228 
510 820 819 494 
510 819 509 494 
510 820 495 496 
510 820 494 495 
510 494 509 495 
229 227 527 246 
229 230 213 27 
229 527 227 228 
229 227 212 228 
229 212 213 228 
229 27 213 26 
229 213 212 26 
953 626 625 636 
604 289 912 592 
604 912 923 592 
547 527 546 246 
547 527 869 546 
547 229 527 246 
830 818 1117 817 
830 508 831 818 
830 831 1117 818 
848 832 849 1162 
848 832 831 508 
848 1161 866 865 
848 866 849 544 
848 849 525 544 
848 525 866 544 
1088 1327 1326 1312 
1088 1327 1312 1313 
242 543 224 243 
242 243 262 562 
523 224 209 208 
523 224 543 209 
523 209 506 208 
523 242 543 224 
523 223 224 208 
523 242 224 223 
523 543 242 542 
563 579 562 885 
563 562 884 885 
563 579 885 564 
563 542 884 562 
563 263 243 562 
563 579 263 562 
563 543 243 244 
563 542 543 865 
563 884 542 865 
563 244 264 564 
563 264 579 564 
563 866 244 564 
563 866 543 244 
563 543 866 865 
563 263 264 243 
563 264 263 579 
563 243 242 562 
563 242 542 562 
563 543 242 243 
563 242 543 542 
563 243 264 244 
1205 929 1197 1204 
918 1197 929 917 
918 610 929 600 
918 929 610 917 
918 917 610 598 
918 907 587 600 
918 610 599 598 
918 599 610 600 
918 599 586 598 
918 587 599 600 
918 587 586 599 
1189 907 895 1179 
658 351 350 361 
658 341 342 649 
658 351 342 341 
658 638 341 649 
658 966 638 649 
658 659 966 649 
658 966 975 638 
669 360 371 361 
669 371 670 361 
669 670 371 681 
669 350 360 361 
669 658 350 361 
1241 1234 966 977 
1241 1233 966 1234 
1241 966 659 977 
1241 659 1248 977 
1304 1319 1062 1303 
1304 1062 1319 1320 
877 1176 1166 1167 
877 569 859 554 
877 889 569 554 
890 877 889 569 
890 877 1176 889 
890 1176 877 1167 
582 901 912 581 
582 568 901 581 
582 901 568 569 
582 280 568 581 
500 489 204 501 
500 815 489 501 
500 489 815 488 
927 936 1211 618 
927 916 618 608 
201 202 191 214 
201 214 3 200 
201 214 191 3 
203 216 16 15 
203 16 5 15 
203 217 16 216 
203 5 202 15 
203 16 217 204 
203 16 204 6 
203 5 16 6 
203 192 5 6 
203 192 202 5 
1119 1118 819 808 
1119 819 1120 820 
1119 819 494 808 
1119 819 820 494 
536 556 256 555 
536 537 256 556 
536 537 221 238 
536 256 537 238 
536 556 555 859 
536 221 537 519 
536 256 255 555 
536 255 236 555 
536 859 555 518 
536 555 236 518 
536 236 221 518 
536 860 556 859 
536 537 556 860 
536 519 859 518 
536 221 519 518 
536 860 859 519 
536 537 860 519 
536 256 237 255 
536 237 236 255 
536 221 237 238 
536 236 237 221 
536 237 256 238 
269 60 281 282 
269 281 60 52 
269 270 256 44 
269 571 256 270 
195 9 8 208 
195 210 9 208 
343 333 650 342 
87 322 314 323 
87 332 322 323 
292 302 303 74 
292 66 302 74 
292 67 66 74 
292 68 67 74 
292 303 68 74 
292 66 290 302 
292 68 303 293 
292 68 61 67 
292 61 68 293 
292 282 61 293 
292 61 60 67 
292 60 61 282 
292 281 60 282 
595 616 606 617 
595 596 915 583 
595 293 596 583 
628 313 616 322 
331 342 351 341 
331 332 342 341 
331 87 332 322 
331 341 351 340 
331 351 97 340 
331 628 332 341 
331 332 628 322 
639 630 333 640 
639 332 333 630 
639 333 332 342 
639 333 650 640 
639 650 333 342 
639 650 649 640 
639 650 342 649 
639 342 341 649 
639 342 332 341 
639 341 638 649 
507 491 492 817 
507 493 210 209 
507 492 818 817 
507 492 493 818 
507 209 210 208 
507 195 491 208 
507 210 195 208 
507 818 830 817 
507 506 830 209 
507 493 209 508 
507 209 830 508 
507 491 506 208 
507 506 209 208 
507 493 508 818 
507 508 830 818 
737 1049 1032 739 
770 1080 786 1079 
770 1062 1080 1079 
770 1062 752 1063 
1061 1062 770 1079 
1061 770 1062 752 
780 794 1103 781 
793 794 459 802 
793 792 1102 802 
793 1102 794 802 
793 470 792 802 
793 459 470 802 
793 780 459 794 
793 792 1101 1102 
793 1103 794 1102 
793 1103 780 794 
793 1102 1101 1337 
779 470 459 175 
779 470 793 459 
779 459 780 764 
779 793 780 459 
779 470 791 792 
779 793 470 792 
947 630 639 640 
947 639 630 946 
947 639 957 640 
947 946 1211 1218 
809 817 808 482 
809 483 484 482 
809 808 494 482 
809 494 483 482 
809 484 483 495 
809 820 484 495 
809 1119 494 808 
809 1119 820 494 
809 483 494 495 
809 494 820 495 
843 521 844 504 
843 520 521 504 
396 140 409 133 
396 132 140 133 
591 578 276 277 
591 577 276 578 
1343 1109 1096 1108 
505 506 491 208 
505 491 195 208 
810 484 820 496 
810 809 820 484 
810 1119 1120 820 
810 809 1119 820 
193 487 489 488 
193 489 500 488 
193 500 489 204 
904 596 1187 905 
904 596 584 583 
904 915 596 583 
904 1187 596 915 
311 615 626 320 
311 606 605 302 
311 616 606 302 
311 615 605 606 
311 312 616 302 
311 312 80 85 
311 80 312 302 
651 978 661 672 
651 631 641 958 
651 968 978 958 
651 641 661 344 
694 1020 721 707 
694 997 1020 1008 
694 997 1008 681 
694 1008 1020 693 
694 1020 707 693 
694 681 1008 693 
694 681 693 381 
694 693 707 381 
611 316 306 621 
611 306 610 621 
611 610 599 600 
611 610 306 599 
611 929 610 600 
611 930 929 600 
590 591 577 276 
1306 1304 1305 1063 
1306 1305 1064 1063 
1306 1064 1045 1063 
71 64 286 63 
71 286 64 72 
287 64 286 72 
287 591 590 276 
287 591 299 603 
287 590 591 603 
275 286 287 64 
275 262 261 56 
275 57 262 56 
275 262 57 276 
275 64 57 56 
296 285 284 62 
296 284 285 587 
296 284 587 599 
296 70 285 62 
296 285 588 587 
296 599 587 600 
296 587 588 600 
274 285 54 273 
274 54 285 55 
274 285 273 575 
274 273 259 575 
274 54 45 273 
274 45 259 273 
274 54 55 45 
274 286 285 575 
274 261 259 45 
274 275 286 575 
274 286 55 63 
274 55 285 63 
274 285 286 63 
274 286 64 55 
274 286 275 64 
274 275 261 56 
274 55 64 56 
274 64 275 56 
805 806 481 807 
805 803 796 804 
805 803 480 796 
740 1051 722 421 
740 722 1051 1050 
740 722 406 421 
222 35 240 20 
222 521 520 504 
222 240 520 521 
222 223 240 521 
222 240 223 20 
383 394 406 708 
383 684 683 373 
383 683 684 695 
383 124 684 373 
383 1010 708 695 
383 684 1010 695 
1111 794 802 472 
1111 795 794 472 
1111 802 803 472 
1111 803 795 472 
1111 794 1102 802 
1111 795 803 804 
1111 794 1103 1102 
1111 795 1103 794 
1111 1102 792 802 
1111 1112 795 804 
782 795 794 781 
1068 1049 737 739 
800 788 478 801 
776 761 777 1087 
736 418 419 402 
452 467 453 172 
452 788 453 467 
452 183 467 172 
452 183 788 467 
452 788 183 466 
452 453 436 172 
452 171 183 172 
452 183 171 466 
452 436 157 172 
452 436 435 157 
452 157 171 172 
756 1045 1064 754 
717 435 436 417 
717 735 401 402 
717 401 417 402 
717 736 735 402 
717 736 756 735 
717 436 418 417 
717 417 418 402 
717 418 736 402 
1106 786 1096 1079 
1106 1096 1095 1079 
1106 1095 1094 1079 
1106 806 1113 1114 
1106 1095 1342 1114 
1106 1342 1095 1096 
785 784 463 768 
785 1094 784 768 
785 1094 768 1079 
785 1106 1094 1079 
785 786 1106 1079 
785 1096 1106 786 
787 788 771 466 
787 1096 465 786 
787 1109 800 1108 
787 466 477 478 
787 466 465 477 
787 788 466 478 
787 800 788 478 
787 1096 1109 1108 
288 287 299 72 
288 287 591 299 
288 276 57 277 
288 591 276 277 
288 591 287 276 
288 64 287 72 
288 275 57 276 
288 287 275 276 
288 275 64 57 
288 275 287 64 
673 979 988 672 
673 979 989 988 
673 662 979 672 
673 364 683 684 
673 988 998 672 
673 988 989 998 
673 363 662 672 
673 363 364 662 
673 998 683 672 
673 684 683 998 
673 683 363 672 
673 683 364 363 
673 999 684 998 
673 989 999 998 
867 546 868 849 
867 545 866 564 
867 849 868 1162 
867 848 866 849 
867 848 1161 866 
867 848 849 1162 
867 1161 848 1162 
867 546 849 544 
867 545 546 544 
867 849 866 544 
867 866 545 544 
1092 1316 1301 1317 
1092 1301 1077 1317 
1092 1091 1104 781 
1092 1330 1316 1317 
1092 1330 1091 1316 
1092 1091 1330 1104 
766 1077 1092 1301 
347 102 356 348 
347 96 102 348 
1334 1321 1320 1080 
1334 1342 1096 1080 
1334 1342 1343 1096 
1325 1088 1326 1312 
539 843 520 521 
539 520 240 521 
539 559 259 538 
561 276 577 562 
561 262 276 562 
561 242 262 562 
561 542 242 562 
561 884 542 562 
561 577 884 562 
1027 1288 1028 716 
1027 715 716 701 
1027 716 1028 701 
1027 715 1044 716 
1027 1044 1045 716 
1027 1045 1288 716 
718 401 735 402 
718 735 736 402 
1059 748 766 749 
1059 1077 766 1301 
220 236 237 33 
220 219 236 33 
220 236 219 503 
220 221 236 503 
220 237 236 221 
220 219 206 503 
220 206 221 503 
220 19 219 33 
220 206 219 19 
379 691 392 391 
379 690 691 391 
379 392 691 370 
379 691 369 370 
379 369 691 690 
379 391 392 403 
379 121 129 122 
379 129 121 128 
379 122 392 370 
379 121 122 370 
379 369 121 370 
379 390 391 403 
379 129 390 403 
379 390 129 128 
379 690 390 128 
379 378 690 128 
379 121 378 128 
379 378 369 690 
379 378 121 369 
705 392 691 391 
705 1019 1032 1018 
705 1019 1018 692 
705 693 1019 692 
705 706 1019 693 
1005 1253 993 994 
1005 1006 994 692 
1005 1018 1006 692 
1005 1018 1262 1006 
1005 1017 1262 1018 
679 691 369 690 
679 369 368 690 
679 368 666 678 
679 690 368 678 
679 368 667 666 
679 368 369 667 
679 667 984 666 
679 666 993 678 
679 1005 993 994 
679 1005 994 692 
679 691 1005 692 
1264 1256 1255 1007 
1264 1255 1006 1007 
1264 1008 1256 1007 
1264 1006 1019 1007 
1264 1271 1019 1006 
1264 1263 1006 1255 
1264 1263 1271 1006 
976 1248 1241 659 
976 1241 1248 1247 
976 658 669 659 
976 1241 966 659 
976 966 658 659 
976 975 658 966 
878 860 556 557 
878 1168 860 557 
878 556 860 859 
878 860 1155 859 
878 1168 1155 860 
878 877 890 569 
878 1155 877 859 
878 569 556 859 
878 877 569 859 
878 890 877 1167 
878 1155 1168 1167 
878 877 1155 1167 
1177 878 1168 1167 
1177 890 878 1167 
1177 1176 890 1167 
1177 890 1176 1185 
1329 1315 1328 1091 
1329 1330 1315 1091 
1329 1091 1103 1104 
1331 1330 1092 1317 
1098 1110 800 1109 
1098 800 787 1109 
1098 771 787 788 
1098 787 800 788 
1098 788 800 801 
1098 800 1110 801 
1290 1030 1291 1279 
1031 1291 1030 1279 
1031 1030 1017 1279 
1031 1279 1017 1270 
1031 1017 1018 1270 
1240 1241 976 1247 
1240 1233 975 966 
1240 1241 1233 966 
1240 975 976 966 
1240 976 1241 966 
1280 1031 1291 1292 
1280 1018 1271 1270 
1280 1271 1018 1281 
1280 1279 1031 1270 
1280 1291 1031 1279 
1280 1031 1018 1270 
1280 1032 1292 1281 
1280 1032 1031 1292 
1280 1018 1032 1281 
1280 1031 1032 1018 
1082 1110 1098 1336 
1139 840 841 827 
1139 841 840 842 
857 875 840 534 
825 815 500 501 
218 217 516 234 
218 516 217 204 
218 517 516 501 
218 205 18 234 
218 7 18 205 
218 18 217 234 
218 18 7 217 
218 217 7 204 
218 516 204 501 
218 516 534 234 
218 534 219 234 
218 516 517 534 
218 517 219 534 
218 219 19 234 
218 19 205 234 
218 219 205 19 
218 206 205 219 
218 517 206 219 
218 490 517 501 
218 206 490 205 
218 206 517 490 
511 213 230 214 
511 213 200 228 
511 213 214 200 
511 214 201 200 
511 200 201 496 
511 510 495 496 
511 495 510 228 
511 495 200 496 
511 200 495 228 
839 840 517 534 
839 516 517 501 
839 517 516 534 
839 517 840 827 
839 825 516 501 
839 517 826 501 
839 826 517 827 
839 857 840 534 
839 1137 857 856 
1186 1195 1187 915 
1186 1187 904 915 
265 266 49 278 
265 49 253 40 
265 253 49 266 
900 889 567 901 
900 567 580 901 
900 901 592 911 
900 901 580 592 
888 567 889 554 
888 875 266 554 
888 266 567 554 
888 567 900 889 
267 254 568 266 
267 568 567 266 
267 266 567 278 
267 49 266 278 
267 49 254 266 
267 278 567 581 
267 567 568 581 
267 58 49 278 
267 254 49 50 
267 49 58 50 
267 568 280 581 
566 580 567 278 
566 900 567 580 
566 567 266 278 
566 266 265 278 
566 900 888 567 
845 844 828 1141 
939 1212 938 1204 
939 948 632 621 
939 632 948 938 
939 938 928 1204 
939 928 929 1204 
939 929 928 610 
939 948 928 938 
939 610 620 621 
939 610 928 620 
939 620 948 621 
939 928 948 620 
1249 989 1257 1250 
1249 1257 989 988 
1249 989 979 988 
1249 980 979 989 
384 124 374 684 
384 383 124 684 
384 1010 383 684 
384 124 383 394 
384 131 124 394 
384 394 383 708 
384 383 1010 708 
384 125 374 124 
384 131 125 124 
686 374 364 684 
2 189 200 188 
2 200 199 188 
2 199 12 188 
2 12 199 200 
2 3 13 200 
2 213 12 200 
2 13 213 200 
2 213 13 12 
196 493 492 197 
196 0 493 197 
196 507 492 493 
196 195 492 491 
196 492 507 491 
196 507 195 491 
196 195 507 210 
196 210 0 9 
196 195 210 9 
196 0 210 493 
196 210 507 493 
607 293 294 597 
607 303 294 293 
607 608 916 597 
607 916 596 597 
607 596 293 597 
607 596 595 293 
607 618 916 608 
607 618 313 617 
607 595 618 617 
607 303 616 313 
607 303 595 616 
607 313 616 617 
607 616 595 617 
283 61 270 271 
283 597 293 585 
283 294 293 597 
283 68 61 293 
283 294 68 293 
283 282 61 271 
283 61 282 293 
283 584 271 585 
283 584 282 271 
283 293 584 585 
283 293 282 584 
272 285 54 62 
272 54 285 273 
272 284 285 62 
272 558 273 573 
272 273 285 587 
272 285 284 587 
272 273 587 573 
272 587 284 573 
728 713 727 714 
178 461 177 165 
178 185 177 461 
178 166 461 165 
178 461 166 462 
444 177 459 461 
444 177 461 165 
444 164 177 165 
444 176 177 164 
444 177 176 459 
444 153 164 165 
4 202 5 15 
4 13 214 14 
4 214 13 3 
4 5 202 191 
4 191 214 3 
4 191 202 214 
22 21 224 37 
22 224 38 37 
22 225 10 23 
22 10 210 9 
22 210 10 225 
22 38 225 23 
22 38 224 225 
22 224 8 9 
22 8 224 21 
22 210 224 9 
22 224 210 225 
471 470 459 802 
471 459 176 184 
471 176 459 175 
471 459 470 175 
471 802 794 472 
471 459 794 802 
797 805 480 796 
797 805 481 480 
797 785 1094 784 
797 785 1106 1094 
797 805 806 481 
797 805 1113 806 
797 1113 1106 806 
475 180 463 186 
475 187 180 186 
475 784 797 796 
475 480 187 186 
475 785 784 463 
475 785 797 784 
475 797 480 796 
475 481 187 480 
475 797 481 480 
173 453 467 172 
173 453 468 467 
173 158 436 172 
173 436 453 172 
173 159 436 158 
75 68 294 303 
75 68 303 74 
75 303 312 74 
75 312 303 313 
161 160 162 424 
139 396 132 140 
767 448 750 749 
767 448 751 750 
767 751 448 768 
767 1061 751 768 
767 1077 1061 768 
767 1059 766 749 
767 766 1059 1077 
446 766 748 749 
446 448 767 749 
446 767 766 749 
430 166 446 462 
430 446 448 462 
430 448 750 431 
430 448 446 749 
430 750 448 749 
387 377 700 688 
387 700 377 388 
387 1002 700 699 
387 700 1002 688 
387 1002 687 688 
387 398 700 388 
387 700 398 699 
387 398 712 699 
53 270 269 44 
53 61 60 282 
53 269 52 44 
53 269 60 52 
53 60 269 282 
53 270 61 271 
53 61 282 271 
53 571 269 270 
53 269 571 282 
53 571 270 271 
53 282 571 271 
194 218 490 205 
194 218 7 204 
194 7 218 205 
194 218 204 501 
194 490 218 501 
194 204 489 501 
194 489 490 501 
194 193 489 204 
194 204 7 6 
194 193 204 6 
194 490 206 205 
119 374 118 113 
119 118 374 125 
94 89 326 88 
94 335 334 88 
94 326 335 88 
179 463 180 186 
111 371 360 361 
111 360 110 361 
111 360 371 116 
111 110 360 116 
90 328 96 337 
90 89 326 337 
25 227 246 245 
25 24 227 245 
25 227 229 246 
25 24 212 227 
25 212 229 227 
25 27 229 26 
25 212 24 26 
25 229 212 26 
46 35 261 45 
46 261 47 56 
46 55 274 56 
46 274 261 56 
46 274 55 45 
46 261 274 45 
73 290 66 302 
73 605 290 302 
73 605 300 290 
79 311 85 320 
79 300 73 605 
79 311 605 302 
79 605 73 302 
79 311 80 85 
79 80 311 302 
79 66 80 302 
79 73 66 302 
532 553 516 234 
532 516 217 234 
249 232 250 251 
95 89 90 337 
95 326 89 337 
95 94 89 326 
95 90 96 337 
95 96 347 337 
95 347 96 102 
1232 975 1240 1233 
247 230 28 248 
247 28 230 27 
247 230 229 27 
247 229 25 27 
247 229 547 246 
247 25 229 246 
526 509 510 819 
526 510 509 228 
526 832 848 508 
526 848 832 849 
526 525 509 508 
526 819 832 508 
526 509 819 508 
526 849 527 544 
526 527 227 544 
526 227 509 525 
526 227 527 228 
526 509 227 228 
526 848 525 508 
526 525 848 849 
526 525 849 544 
526 227 525 544 
646 657 349 656 
646 339 349 340 
646 349 657 340 
647 974 657 963 
647 657 646 963 
647 646 953 963 
647 646 657 340 
647 626 953 636 
647 953 646 636 
647 339 646 340 
647 646 339 636 
279 580 278 581 
279 289 580 581 
279 278 267 581 
279 58 267 278 
279 280 58 65 
279 267 280 581 
279 267 58 280 
310 625 615 320 
310 615 625 614 
310 604 605 614 
310 604 300 605 
310 605 615 614 
310 300 79 605 
310 615 311 320 
310 311 615 605 
310 311 79 320 
310 79 311 605 
593 289 300 65 
593 73 290 65 
593 300 73 65 
593 73 300 290 
593 290 281 65 
593 281 280 65 
593 280 279 65 
593 279 289 65 
593 300 605 290 
593 604 289 912 
593 604 300 289 
593 281 582 280 
593 279 280 581 
593 289 279 581 
593 280 582 581 
593 912 289 581 
593 582 912 581 
593 604 912 605 
593 300 604 605 
847 1160 846 1143 
847 846 1160 865 
1128 1127 830 1117 
1128 830 831 1117 
1128 831 1118 1117 
1128 831 1129 1118 
1128 831 847 1129 
1128 830 847 831 
1128 1129 847 1143 
524 525 543 866 
524 848 525 866 
524 866 543 865 
524 848 866 865 
524 543 525 209 
524 847 848 865 
524 209 525 508 
524 525 848 508 
524 846 847 865 
524 523 543 209 
524 830 209 508 
524 848 831 508 
524 848 847 831 
524 543 542 865 
524 543 523 542 
524 542 846 865 
524 523 846 542 
524 831 830 508 
524 847 830 831 
524 830 506 209 
524 506 523 209 
1201 923 913 1193 
1194 1201 913 1193 
1054 1088 1312 1313 
1073 1328 1327 1313 
1073 1327 1088 1313 
1073 1314 1328 1313 
1073 1088 1054 1313 
1145 832 848 1162 
1145 831 848 832 
241 262 243 48 
241 262 242 243 
241 48 243 37 
241 243 224 37 
241 242 224 243 
241 47 48 37 
241 262 48 47 
241 224 242 223 
241 224 21 37 
241 224 223 21 
241 261 262 47 
241 21 223 20 
522 223 523 208 
522 523 506 208 
522 506 505 208 
522 523 845 506 
522 521 222 504 
522 223 222 521 
522 505 828 504 
522 828 505 506 
522 845 828 506 
522 844 521 504 
522 844 845 521 
522 828 844 504 
522 828 845 844 
541 242 523 223 
541 223 522 521 
541 523 522 223 
541 523 242 542 
541 522 845 521 
541 845 522 523 
541 242 561 542 
541 846 523 542 
541 845 523 846 
940 929 1205 1204 
940 1205 1212 1204 
940 939 929 1204 
940 1212 939 1204 
1213 940 1205 1212 
996 692 995 1007 
996 1006 995 692 
996 994 1006 692 
996 994 995 1006 
680 360 350 667 
680 360 669 350 
680 369 360 667 
680 669 360 371 
680 679 369 667 
680 360 369 370 
680 984 679 667 
680 679 691 369 
680 679 984 994 
680 984 996 994 
680 691 679 692 
680 679 994 692 
680 994 996 692 
668 669 658 350 
668 350 657 667 
668 657 984 667 
668 984 657 974 
668 680 350 667 
668 680 669 350 
668 984 680 667 
668 658 976 975 
668 669 976 658 
668 996 680 984 
668 680 996 669 
668 996 976 669 
986 670 669 681 
986 669 670 659 
986 659 670 987 
986 669 996 681 
986 976 669 659 
986 976 996 669 
986 1248 659 987 
986 997 1248 987 
986 1248 976 659 
986 997 681 1007 
986 681 996 1007 
986 996 995 1007 
986 996 976 995 
986 1256 997 1007 
986 1256 1248 997 
986 995 1256 1007 
986 1247 1256 995 
986 1248 1256 1247 
986 976 1247 995 
986 976 1248 1247 
1297 1314 1073 1313 
1297 1073 1054 1313 
1261 1253 1005 1262 
1261 993 1005 1253 
1261 1005 1017 1262 
973 963 974 1238 
973 974 984 1238 
973 666 984 656 
973 657 646 656 
973 646 657 963 
973 657 974 963 
973 657 984 974 
973 984 657 656 
1287 1288 1027 1045 
1287 1027 1044 1045 
1287 1045 1044 1063 
1287 1306 1045 1063 
1175 1176 877 889 
1175 1166 877 1176 
858 877 859 554 
858 1139 840 842 
858 554 859 518 
858 859 842 518 
858 842 840 518 
858 840 875 518 
858 840 857 875 
858 535 554 518 
858 875 535 518 
858 535 875 554 
902 890 1176 889 
902 912 901 911 
902 1193 912 911 
902 1193 913 912 
902 889 901 569 
902 890 889 569 
902 912 582 901 
902 913 582 912 
902 901 582 569 
1296 1295 1054 1286 
1296 1297 1054 1313 
1296 1054 1297 1286 
1296 1054 1295 1311 
1296 1312 1054 1311 
1296 1054 1312 1313 
1284 1052 1037 1283 
570 582 281 280 
570 281 269 280 
570 256 269 571 
570 582 568 569 
570 582 280 568 
570 256 571 556 
570 555 556 569 
570 256 556 555 
570 568 555 569 
893 557 879 572 
893 904 1187 905 
893 585 905 572 
893 584 585 572 
893 584 905 585 
893 596 905 584 
893 904 596 584 
893 596 904 905 
1196 893 1187 905 
1196 1187 596 905 
1196 596 916 905 
1196 596 1187 915 
1196 1187 1195 915 
215 216 203 15 
215 203 202 15 
215 14 29 15 
215 29 216 15 
215 4 14 15 
215 202 4 15 
215 4 214 14 
215 4 202 214 
215 214 230 14 
215 28 29 14 
215 230 28 14 
1140 844 845 1141 
1140 1156 843 844 
393 707 706 381 
393 405 706 707 
393 706 392 381 
393 706 405 392 
81 314 87 322 
81 313 314 322 
81 312 313 322 
81 312 322 86 
81 322 87 86 
81 75 314 313 
81 312 75 313 
81 75 312 74 
81 80 312 86 
81 312 80 74 
301 303 292 302 
301 616 303 302 
301 595 303 616 
301 292 303 293 
301 606 616 302 
301 595 616 606 
301 292 290 302 
301 293 595 583 
301 303 607 293 
301 607 595 293 
301 595 607 303 
301 290 605 302 
301 605 606 302 
925 935 936 617 
925 606 935 617 
925 595 606 617 
925 606 934 935 
925 934 1209 935 
629 628 332 322 
629 313 628 322 
629 322 332 323 
629 630 639 946 
629 332 639 630 
629 314 322 323 
629 314 313 322 
629 618 313 619 
629 313 618 617 
629 618 946 617 
629 616 313 617 
629 628 616 617 
629 616 628 313 
629 314 323 619 
629 313 314 619 
629 323 630 619 
629 332 630 323 
954 953 647 626 
954 626 615 625 
954 953 626 625 
330 628 331 341 
330 329 626 636 
330 341 331 340 
330 339 91 329 
330 331 97 340 
330 331 91 97 
330 339 329 636 
330 626 647 636 
330 97 339 340 
330 91 339 97 
330 339 647 340 
330 647 339 636 
956 649 957 640 
956 639 649 640 
956 957 639 640 
956 639 638 649 
956 638 966 649 
956 966 1234 649 
956 957 1226 1218 
956 1234 967 649 
956 967 957 649 
956 957 967 1234 
956 1226 957 1234 
956 1233 1226 1234 
956 966 1233 1234 
956 946 947 1218 
956 947 957 1218 
956 639 947 946 
956 947 639 957 
799 800 478 801 
799 481 476 807 
799 800 787 478 
799 787 800 1108 
799 787 477 478 
799 465 476 477 
799 787 465 477 
455 776 439 759 
1217 1211 936 1218 
1078 1061 768 1079 
1078 1061 1077 768 
1078 768 1094 1079 
1078 1077 1094 768 
1078 1094 1095 1079 
1078 1062 1061 1079 
1078 1095 1080 1079 
1078 1080 1062 1079 
1078 1319 1062 1080 
1078 1062 1319 1303 
1078 1061 1062 1303 
769 1061 751 752 
769 770 1061 752 
769 1061 770 1079 
769 770 786 1079 
769 768 1061 1079 
769 751 1061 768 
769 786 785 1079 
769 785 768 1079 
769 465 785 786 
1090 1327 1328 1337 
1090 1101 1327 1337 
1090 1073 1328 1327 
1090 793 1101 1337 
1090 780 793 1103 
1090 1329 1103 1337 
1090 1103 1329 1091 
1090 1328 1329 1337 
1090 1329 1328 1091 
1090 1103 1102 1337 
1090 1102 793 1337 
1090 1103 793 1102 
1090 1103 1091 781 
1090 780 1103 781 
458 779 459 175 
458 459 779 764 
458 444 459 764 
458 459 176 175 
458 444 176 459 
458 779 762 764 
458 762 779 457 
458 175 176 163 
458 174 175 163 
458 176 164 163 
458 176 444 164 
1100 779 791 792 
1100 1101 792 1102 
937 916 927 608 
937 630 608 619 
937 947 630 946 
937 608 618 619 
937 927 618 608 
937 927 947 1211 
937 629 630 619 
937 630 629 946 
937 1211 947 946 
937 927 1211 618 
937 618 629 619 
937 946 629 618 
937 1211 946 618 
861 539 520 538 
861 539 843 520 
861 843 539 1156 
861 559 539 538 
894 558 573 574 
894 907 1179 574 
894 573 587 574 
894 587 907 574 
816 1117 808 817 
816 830 1117 817 
816 830 1127 1117 
816 830 506 1127 
816 506 828 1127 
816 507 830 817 
816 830 507 506 
816 491 507 817 
816 506 507 491 
816 505 506 491 
816 505 828 506 
386 127 377 120 
990 999 989 1250 
1282 1051 722 1050 
1282 1035 722 1051 
1107 1108 1096 807 
1107 1343 1096 1108 
1107 1343 1342 1096 
1107 1113 806 1114 
1107 806 1106 1114 
1107 1106 1342 1114 
1107 1342 1106 1096 
1097 1343 1109 1096 
1097 1109 787 1096 
1097 1096 787 786 
1097 787 771 786 
1097 1098 787 1109 
1097 787 1098 771 
1097 1080 1096 786 
1097 1334 1096 1080 
1097 1334 1343 1096 
1097 770 1080 786 
1097 771 770 786 
1097 1321 1334 1080 
1097 1098 1082 771 
1243 1236 1235 980 
1243 1235 1249 980 
1243 989 1249 1250 
1243 990 989 1250 
1243 980 1249 989 
1243 990 980 989 
1023 1267 1024 1275 
1023 1035 711 1022 
1023 1011 1035 1022 
1023 711 698 1022 
1021 1010 1011 1009 
1021 1035 1011 1010 
1021 708 1010 695 
1021 1010 1009 695 
486 193 192 487 
486 485 487 812 
486 192 498 487 
486 487 498 812 
486 202 192 191 
486 498 192 202 
486 201 202 191 
486 201 498 202 
486 201 485 812 
486 498 201 812 
891 904 584 583 
891 582 902 913 
891 890 902 569 
891 902 582 569 
891 582 570 569 
652 978 979 661 
652 651 978 661 
652 661 979 662 
652 969 979 978 
652 661 662 344 
652 651 661 344 
652 969 978 968 
652 978 651 968 
682 694 372 681 
682 997 694 681 
682 372 670 681 
682 986 670 987 
682 670 986 681 
682 997 986 987 
682 986 997 681 
919 929 930 600 
919 918 929 600 
919 907 918 600 
919 929 918 1197 
919 918 907 1197 
919 940 930 929 
919 1205 1197 1198 
919 1205 929 1197 
919 1197 1189 1198 
919 907 1189 1197 
919 1205 940 929 
896 895 907 574 
896 907 588 574 
896 588 575 574 
896 575 559 574 
896 559 895 574 
896 560 559 575 
1159 846 1160 1143 
1318 1078 1319 1303 
1318 1077 1301 1317 
1318 1078 1077 1317 
1318 1061 1078 1303 
1318 1078 1061 1077 
298 309 299 72 
298 299 287 72 
298 287 286 72 
298 309 613 299 
298 78 309 72 
307 306 76 305 
307 611 306 599 
307 611 599 600 
307 599 296 600 
307 70 76 77 
69 307 76 305 
69 76 307 70 
69 307 296 70 
69 284 296 599 
69 70 296 62 
69 296 284 62 
69 296 307 599 
69 599 306 305 
69 306 307 305 
69 307 306 599 
758 737 738 739 
758 1068 737 739 
758 420 738 737 
758 420 737 419 
454 468 453 790 
454 468 173 453 
741 439 740 759 
741 740 1051 1050 
741 1051 1052 1050 
425 761 762 457 
295 609 306 305 
295 306 599 305 
295 599 306 609 
295 599 69 305 
295 284 69 599 
295 586 284 599 
295 598 599 609 
295 586 598 609 
295 586 599 598 
473 185 461 184 
473 461 459 184 
473 184 471 472 
473 459 471 184 
473 471 794 472 
473 471 459 794 
473 795 782 796 
473 782 795 794 
473 794 795 472 
473 795 803 472 
473 803 795 796 
460 444 459 461 
460 459 780 794 
460 780 459 764 
460 459 444 764 
460 473 459 794 
460 459 473 461 
460 782 473 794 
460 473 782 461 
460 794 780 781 
460 782 794 781 
437 173 436 453 
437 454 173 453 
437 418 159 419 
437 736 418 419 
437 717 436 418 
437 736 717 418 
437 436 173 159 
437 173 454 159 
437 418 436 159 
772 452 788 453 
772 771 788 466 
772 788 452 466 
434 452 772 435 
434 452 171 466 
434 772 452 466 
434 171 182 466 
434 171 170 182 
416 1044 715 716 
416 435 717 417 
416 401 735 716 
416 401 717 735 
416 417 717 401 
416 715 400 701 
416 716 715 701 
416 400 715 415 
416 417 401 400 
416 400 401 701 
416 401 716 701 
416 144 400 415 
416 435 144 415 
416 417 400 144 
416 435 417 144 
1065 1064 1308 1323 
1065 1064 756 1045 
1065 1045 756 735 
755 717 435 436 
755 436 452 453 
755 435 452 436 
755 437 436 453 
755 437 717 436 
755 452 772 453 
755 772 452 435 
755 756 717 736 
755 717 437 736 
798 799 476 807 
798 476 799 465 
798 476 481 807 
798 476 187 481 
798 187 475 481 
798 799 787 465 
798 465 787 1096 
798 1106 785 1096 
798 465 1096 786 
798 1096 785 786 
798 785 465 786 
798 475 797 481 
798 797 475 785 
798 1108 799 807 
798 787 799 1108 
798 1096 1108 807 
798 1096 787 1108 
798 1107 1096 807 
798 1107 1106 1096 
798 481 806 807 
798 797 785 1106 
798 806 1107 807 
798 1106 1107 806 
798 797 806 481 
798 797 1106 806 
685 673 979 989 
685 980 990 989 
685 675 990 980 
685 990 999 989 
685 999 673 989 
685 673 999 684 
685 364 673 684 
685 686 364 684 
429 446 430 166 
429 446 748 749 
429 430 446 749 
338 96 347 348 
644 645 962 634 
644 328 645 634 
644 328 338 645 
644 347 96 337 
644 347 338 96 
644 96 328 337 
644 338 328 96 
345 100 94 334 
345 94 335 334 
345 100 334 344 
345 334 641 344 
345 335 641 334 
345 354 100 344 
345 354 355 100 
345 652 662 344 
345 662 354 344 
345 355 354 662 
1105 1094 1106 1095 
1105 1095 1106 1114 
1105 797 1106 1094 
1105 1106 1113 1114 
1105 1113 1340 1114 
1105 1106 797 1113 
1105 797 784 796 
1105 797 1094 784 
1105 1340 1112 1104 
1105 1340 1113 1112 
1105 1112 795 1104 
1105 796 795 804 
1105 805 797 796 
1105 1113 797 805 
1105 795 1112 804 
1105 1112 1113 804 
1105 805 796 804 
1105 1113 805 804 
260 262 275 276 
260 561 262 276 
260 275 262 261 
260 275 274 575 
260 274 275 261 
260 240 259 261 
260 274 259 575 
260 259 274 261 
260 259 559 575 
260 559 560 575 
260 240 539 259 
260 259 539 559 
260 539 560 559 
703 718 391 402 
703 401 718 402 
703 391 390 402 
703 390 401 402 
703 690 379 391 
703 379 390 391 
703 390 379 690 
703 401 389 702 
703 401 390 389 
703 702 389 689 
703 678 702 689 
703 690 678 689 
703 689 389 128 
703 389 390 128 
703 690 689 128 
703 390 690 128 
943 953 954 625 
943 625 615 614 
943 954 615 625 
943 954 934 615 
380 691 705 392 
380 370 392 381 
380 691 392 370 
380 392 706 381 
380 705 706 392 
380 705 691 692 
380 706 693 381 
380 706 705 693 
380 693 705 692 
380 691 680 692 
380 693 681 381 
380 371 370 381 
380 369 691 370 
380 680 369 370 
380 680 691 369 
380 693 692 1007 
380 681 693 1007 
380 681 371 381 
380 680 996 692 
380 371 360 370 
380 360 680 370 
380 680 360 371 
380 692 996 1007 
380 996 681 1007 
380 669 371 681 
380 996 669 681 
380 669 680 371 
380 996 680 669 
720 1019 705 706 
720 706 405 721 
720 405 738 721 
720 721 738 739 
720 738 737 739 
720 1020 706 721 
720 737 1032 739 
720 1020 721 1033 
720 1019 1020 1033 
720 706 1020 693 
720 1020 1019 693 
720 1019 706 693 
720 1032 1019 1033 
720 1032 705 1019 
720 1033 721 739 
720 1032 1033 739 
404 392 391 403 
404 392 705 391 
404 419 420 403 
404 737 420 419 
404 738 420 737 
404 720 738 737 
404 706 705 392 
404 720 705 706 
404 420 738 405 
404 738 720 405 
404 393 405 392 
404 405 706 392 
404 405 720 706 
1272 1019 1008 1007 
1272 1008 1264 1007 
1272 1264 1019 1007 
1272 1020 1019 1033 
1272 1033 1019 1281 
1272 1020 1008 693 
1272 1008 1019 693 
1272 1019 1020 693 
1272 1019 1271 1281 
1272 1019 1264 1271 
1335 1334 1097 1321 
1335 1097 1334 1343 
1335 1097 1343 1109 
1335 1098 1110 1336 
1335 1110 1098 1109 
1335 1098 1097 1109 
1335 1321 1082 1336 
1335 1097 1082 1321 
1335 1082 1098 1336 
1335 1082 1097 1098 
1099 1110 1082 1336 
1099 1336 1082 1323 
757 1066 1067 1085 
757 1067 1068 1085 
757 1068 775 1085 
757 1068 758 775 
757 758 1068 737 
757 737 736 419 
757 736 437 419 
757 758 737 419 
892 878 1177 890 
892 879 1177 1168 
892 1177 878 1168 
892 878 890 569 
892 890 891 569 
892 879 1168 557 
892 1168 878 557 
892 891 904 584 
892 571 891 584 
892 556 878 569 
892 878 556 557 
892 904 893 584 
892 893 904 879 
892 556 571 557 
892 571 584 572 
892 570 571 556 
892 570 891 571 
892 570 556 569 
892 891 570 569 
892 584 893 572 
892 893 879 572 
892 557 571 572 
892 879 557 572 
1341 1342 1095 1114 
1341 1095 1105 1114 
1341 1105 1340 1114 
1333 1320 1319 1080 
1333 1334 1320 1080 
1333 1095 1341 1342 
1333 1319 1078 1080 
1333 1078 1095 1080 
1333 1095 1342 1080 
1333 1342 1334 1080 
1307 1064 1306 1305 
1307 1308 1064 1323 
1307 1065 1064 1308 
1307 1290 1065 1308 
1324 1067 1309 1066 
1324 1066 1084 1085 
1324 1067 1066 1085 
1324 1066 1309 1308 
1048 1031 1032 1292 
1048 1032 1049 1292 
1048 1032 737 1049 
1048 1049 1067 1292 
1048 1067 1309 1292 
1048 737 1068 1049 
1048 1068 1067 1049 
1048 1309 1291 1292 
1048 1291 1031 1292 
1048 1309 1067 1066 
1048 736 757 737 
1048 757 1068 737 
1048 757 1067 1068 
1048 757 736 1066 
1048 1067 757 1066 
704 703 718 391 
704 705 691 391 
704 1031 1017 1018 
704 705 1032 1018 
704 1032 1031 1018 
704 1017 1005 1018 
704 691 705 692 
704 1005 691 692 
704 705 1018 692 
704 1018 1005 692 
1081 1064 1305 1063 
1081 754 1064 1063 
1081 1082 1064 754 
1081 771 1082 754 
1081 1062 770 1063 
1081 1321 1320 1305 
1081 770 1097 771 
1081 1097 1082 771 
1081 1082 1097 1321 
1081 1305 1304 1063 
1081 1304 1062 1063 
1081 1320 1304 1305 
1081 1062 1304 1320 
1081 1062 1320 1080 
1081 770 1062 1080 
1081 1097 770 1080 
1081 1320 1321 1080 
1081 1321 1097 1080 
1178 879 893 1187 
1178 893 904 1187 
1178 904 893 879 
1178 892 904 879 
1178 1177 892 879 
1178 904 1186 1187 
1178 890 1177 1185 
1178 892 1177 890 
529 869 547 527 
529 547 229 527 
529 229 247 230 
529 547 247 229 
529 230 247 248 
529 247 547 248 
528 213 229 230 
528 511 213 230 
528 229 529 230 
528 229 213 228 
528 213 511 228 
528 527 229 228 
528 529 229 527 
528 511 510 228 
528 526 527 228 
528 510 526 228 
1126 839 826 501 
1126 825 839 501 
1126 826 815 501 
1126 815 825 501 
1126 815 826 827 
1126 826 839 827 
1126 1137 839 856 
1126 839 825 856 
533 857 839 534 
533 839 857 856 
533 875 857 534 
533 839 516 534 
533 875 534 553 
533 534 516 553 
533 839 825 516 
533 825 839 856 
533 516 532 553 
1138 839 857 840 
1138 857 839 1137 
1138 839 840 827 
1138 840 1139 827 
1138 1126 839 827 
1138 839 1126 1137 
1210 925 1209 935 
1210 936 925 935 
1210 1217 936 935 
252 253 266 553 
252 253 265 266 
252 265 253 40 
252 565 265 251 
252 251 265 40 
252 30 251 40 
252 30 232 251 
550 232 249 251 
550 565 252 251 
1152 857 1137 856 
552 265 566 266 
552 566 265 565 
552 252 265 266 
552 265 252 565 
552 567 888 266 
552 566 567 266 
552 566 888 567 
552 888 875 266 
552 266 875 553 
552 252 266 553 
552 875 533 553 
1242 1235 1227 969 
1242 978 969 968 
1242 969 1227 968 
1242 979 978 988 
1242 979 969 978 
1242 1249 979 988 
1242 980 1235 969 
1242 1249 1235 980 
1242 979 980 969 
1242 1249 980 979 
881 1170 1169 1156 
881 1169 1170 895 
881 560 539 559 
881 861 1169 559 
881 1169 861 1156 
881 1169 895 559 
881 539 861 559 
881 861 539 1156 
881 895 896 559 
881 896 560 559 
1180 1189 895 1179 
1180 895 1169 1179 
1180 1169 1170 1179 
1180 1170 1169 895 
336 347 644 337 
970 1235 980 969 
970 1235 1236 980 
970 1228 1236 1235 
970 1227 1235 969 
970 1227 1228 1235 
960 1228 1220 1221 
126 132 396 133 
126 396 127 133 
126 386 127 396 
126 127 386 120 
710 698 711 1022 
710 712 711 698 
710 712 724 711 
710 724 712 409 
696 698 710 1022 
696 710 384 1022 
696 386 710 698 
365 107 108 356 
365 107 114 108 
365 114 107 113 
365 355 107 356 
365 355 364 113 
365 364 374 113 
365 686 374 364 
365 374 119 113 
365 119 114 113 
365 106 355 113 
365 107 106 113 
365 107 355 106 
190 3 2 200 
190 2 189 200 
190 201 191 3 
190 201 486 191 
190 201 3 200 
190 486 201 485 
190 200 189 496 
190 201 200 496 
190 189 485 496 
190 485 201 496 
103 339 97 340 
103 110 109 350 
103 349 339 340 
103 97 351 340 
103 351 350 340 
103 350 349 340 
103 109 349 350 
115 360 110 116 
115 109 110 360 
115 116 122 370 
115 122 121 370 
115 121 369 370 
115 360 116 370 
115 369 360 370 
115 360 369 359 
115 109 360 359 
115 369 378 359 
115 121 378 369 
321 331 628 322 
321 331 322 86 
321 91 331 86 
321 331 330 628 
321 91 330 331 
321 85 91 86 
321 312 85 86 
321 322 312 86 
321 628 330 626 
321 329 91 85 
321 330 91 329 
321 312 311 85 
321 616 312 322 
321 628 616 322 
321 626 330 329 
321 311 312 616 
321 329 85 320 
321 85 311 320 
321 626 329 320 
321 311 626 320 
304 608 607 597 
304 607 294 597 
304 314 313 619 
304 314 75 313 
304 313 618 619 
304 618 608 619 
304 607 618 313 
304 618 607 608 
304 303 607 313 
304 75 303 313 
304 294 607 303 
304 75 294 303 
207 223 8 20 
207 195 8 208 
207 505 195 208 
207 222 223 20 
207 8 223 208 
207 505 522 504 
207 522 222 504 
207 222 522 223 
207 223 522 208 
207 522 505 208 
399 728 727 714 
399 727 398 714 
399 398 134 388 
399 134 398 410 
399 398 727 410 
399 700 398 388 
399 398 700 714 
167 178 166 462 
167 179 178 462 
167 166 430 462 
167 430 448 462 
167 448 430 431 
167 463 179 462 
167 448 463 462 
167 463 448 431 
150 162 160 424 
441 161 162 424 
441 162 161 174 
441 761 425 457 
441 160 161 424 
464 463 475 180 
464 785 475 463 
464 180 181 169 
464 180 187 181 
464 475 187 180 
464 785 769 465 
464 475 798 187 
464 798 475 785 
464 798 785 465 
464 187 476 181 
464 798 476 187 
464 476 465 181 
464 476 798 465 
362 670 372 371 
362 111 105 361 
362 670 371 361 
362 371 111 361 
723 407 406 421 
723 148 407 421 
723 406 722 421 
723 722 1051 421 
723 711 724 1051 
723 710 724 711 
723 1035 722 406 
723 722 1035 1051 
723 1035 711 1051 
726 398 712 409 
726 712 724 409 
726 410 398 409 
726 398 713 699 
726 712 398 699 
726 398 727 713 
726 727 398 410 
447 446 767 766 
447 766 767 1077 
447 767 446 448 
447 1092 766 1077 
447 1077 767 768 
447 782 784 462 
447 448 784 768 
447 767 448 768 
447 784 448 462 
447 448 446 462 
447 784 1094 768 
447 1094 1077 768 
36 47 241 37 
36 241 21 37 
36 21 241 20 
36 46 261 47 
36 46 35 261 
36 240 35 20 
36 261 241 47 
36 223 240 20 
36 241 223 20 
36 241 240 223 
36 35 240 261 
36 240 241 261 
346 335 94 326 
346 336 326 337 
346 336 335 326 
346 326 95 337 
346 94 95 326 
346 345 94 335 
346 336 345 335 
346 95 94 101 
346 95 347 337 
346 347 336 337 
346 101 94 100 
346 94 345 100 
346 95 101 102 
346 347 95 102 
346 355 101 100 
346 345 355 100 
346 101 356 102 
346 356 347 102 
346 101 355 356 
130 392 379 122 
130 379 129 122 
130 379 392 403 
130 129 379 403 
317 84 89 326 
317 89 83 326 
317 84 83 89 
317 83 316 326 
317 77 83 84 
317 76 83 77 
317 307 76 77 
317 316 82 306 
317 316 83 82 
317 611 316 306 
317 307 611 306 
317 76 307 306 
317 82 76 306 
317 83 76 82 
318 328 90 337 
318 644 328 337 
318 328 644 634 
318 90 328 319 
318 90 326 337 
318 84 317 326 
318 84 90 319 
318 89 84 326 
318 90 89 326 
318 90 84 89 
1036 1274 1275 1283 
1036 1024 1023 711 
1036 1282 1274 1283 
1036 711 1035 1051 
1036 1275 1284 1283 
1036 1024 1284 1275 
1036 1274 1023 1275 
1036 1023 1024 1275 
1036 1023 1035 711 
1036 1035 1023 1274 
1036 1050 1282 1283 
1036 1051 1282 1050 
1036 1035 1282 1051 
1036 1282 1035 1274 
1036 1052 1050 1283 
1036 1052 1051 1050 
1036 1037 1052 1283 
1036 1284 1037 1283 
1036 1284 1024 1037 
1038 1054 1295 1286 
1294 1295 1284 1037 
1294 1284 1052 1037 
1294 1052 1284 1283 
59 66 73 290 
59 51 281 65 
59 60 281 52 
59 281 51 52 
59 281 290 65 
59 290 73 65 
59 292 60 67 
59 292 281 60 
59 66 292 67 
59 292 66 290 
59 281 292 290 
233 232 30 216 
233 532 232 216 
233 217 532 216 
233 232 252 30 
233 532 252 232 
233 216 30 17 
233 217 216 17 
233 30 31 17 
233 532 217 234 
233 31 30 40 
233 30 252 40 
233 31 18 17 
233 18 217 17 
233 18 31 234 
233 217 18 234 
233 253 31 40 
233 252 253 40 
233 31 253 234 
233 553 532 234 
233 252 532 553 
233 253 553 234 
233 253 252 553 
499 500 193 204 
499 203 204 6 
499 204 193 6 
499 192 203 6 
499 193 192 6 
499 487 193 488 
499 193 500 488 
499 192 193 487 
499 498 192 487 
499 203 192 202 
499 192 498 202 
231 249 250 248 
231 249 232 250 
231 250 28 248 
231 250 232 216 
231 28 230 248 
231 28 215 230 
231 28 250 29 
231 215 28 29 
231 29 250 216 
231 215 29 216 
231 230 529 248 
141 409 140 133 
141 134 409 133 
141 134 410 409 
965 975 1232 1233 
965 975 966 638 
965 975 1233 966 
965 966 956 638 
965 1233 956 966 
965 956 1233 1226 
1239 1240 1232 975 
1225 965 1233 1226 
1225 965 1232 1233 
1202 1210 925 1209 
1202 925 1210 1195 
1202 925 1195 915 
1202 1195 1186 915 
1202 1186 1194 915 
850 526 832 849 
850 527 526 849 
850 868 527 849 
850 528 526 527 
850 868 869 527 
850 1147 869 868 
850 526 528 510 
850 528 834 510 
914 934 925 606 
914 925 1202 915 
914 595 925 915 
914 925 595 606 
914 1194 1201 913 
914 1202 1194 915 
914 595 915 583 
594 593 605 290 
594 605 301 290 
594 913 891 583 
594 582 891 913 
594 582 913 912 
594 593 582 912 
594 301 605 606 
594 593 912 605 
594 301 595 583 
594 595 301 606 
594 914 913 583 
594 595 914 583 
594 914 595 606 
1144 1161 848 865 
1144 848 847 865 
1144 1160 1161 865 
1144 847 1160 865 
1144 848 1161 1162 
1144 1145 848 1162 
1144 1160 847 1143 
1144 847 1129 1143 
1144 847 831 1129 
1144 847 848 831 
1144 831 1145 1129 
1144 848 1145 831 
829 847 524 846 
829 524 847 830 
829 524 830 506 
829 506 830 1127 
829 830 1128 1127 
829 847 1128 830 
829 523 524 506 
829 524 523 846 
829 847 846 1143 
829 845 523 506 
829 523 845 846 
829 828 1127 1141 
829 828 506 1127 
829 845 828 1141 
829 828 845 506 
924 934 914 606 
924 913 1201 923 
924 914 1201 913 
924 914 594 606 
924 594 914 913 
924 615 934 606 
924 605 604 614 
924 604 923 614 
924 594 605 606 
924 594 912 605 
924 913 923 912 
924 594 913 912 
924 615 605 614 
924 605 615 606 
924 912 604 605 
924 923 604 912 
765 460 780 781 
765 780 460 764 
765 460 444 764 
763 1054 1088 1072 
763 1054 1073 1088 
763 1088 762 1072 
763 780 765 764 
1074 1314 1315 1328 
1074 1073 1314 1328 
1074 1090 1073 1328 
1074 1328 1315 1091 
1074 1090 1328 1091 
1074 1090 1091 781 
1074 780 1090 781 
1074 765 780 781 
1074 763 1090 780 
1074 1090 763 1073 
1074 765 763 780 
1071 762 1088 1072 
1071 425 762 1072 
1071 762 425 761 
1071 425 1070 761 
1071 1088 1054 1072 
1071 1312 1325 1311 
1071 1088 1325 1312 
1071 1054 1312 1311 
1071 1054 1088 1312 
1071 1325 1310 1311 
744 411 745 727 
744 411 727 410 
744 726 727 713 
744 727 726 410 
744 411 410 424 
744 425 411 424 
864 846 541 542 
864 884 1173 865 
864 1159 846 1160 
864 542 884 865 
864 846 542 865 
864 1173 1160 865 
864 1160 846 865 
985 996 984 994 
985 996 668 984 
985 984 1245 994 
985 996 994 995 
985 984 668 974 
985 976 996 995 
985 668 996 976 
985 984 974 1238 
985 1245 984 1238 
985 668 975 974 
985 668 976 975 
985 974 1239 1238 
985 1239 1245 1238 
985 975 1239 974 
985 976 1240 975 
985 1240 1239 975 
1285 1284 1295 1037 
1285 1038 1295 1286 
1285 1295 1038 1037 
983 984 1245 1238 
983 993 1253 994 
983 1253 1245 994 
983 1245 984 994 
983 973 984 1238 
983 984 973 666 
983 679 984 666 
983 993 679 666 
983 984 679 994 
983 679 993 994 
1174 888 900 889 
1184 1176 890 1185 
1184 902 890 1176 
1184 1194 913 1193 
1184 913 902 1193 
1208 914 1194 1201 
1208 914 1202 1194 
1208 1202 925 1209 
1208 1202 914 925 
1208 925 934 1209 
1208 925 914 934 
1208 924 914 1201 
1154 877 1155 859 
1154 858 877 859 
1154 1155 842 859 
1154 842 858 859 
1154 877 858 1166 
1154 1139 858 842 
1154 1155 877 1167 
1154 877 1166 1167 
876 889 877 554 
876 877 858 554 
876 888 889 554 
876 875 888 554 
876 858 875 554 
876 1175 877 889 
876 858 877 1166 
876 888 1174 889 
876 1174 1175 889 
876 1175 1174 1165 
876 877 1175 1166 
876 1175 1165 1166 
876 858 857 875 
1183 1176 1175 889 
1183 902 1176 889 
1183 902 1184 1176 
1183 1175 1174 889 
1183 902 901 911 
1183 902 889 901 
1183 1174 900 889 
1183 901 900 911 
1183 889 900 901 
1183 1193 902 911 
1183 1184 902 1193 
1266 1023 1274 1275 
1266 1023 1267 1259 
1266 1267 1023 1275 
291 269 281 282 
291 269 570 281 
291 571 269 282 
291 570 269 571 
291 891 570 571 
291 570 582 281 
291 570 891 582 
291 571 282 584 
291 891 571 584 
291 891 584 583 
291 594 891 583 
291 891 594 582 
291 281 292 282 
291 584 293 583 
291 282 293 584 
291 282 292 293 
291 301 594 583 
291 292 281 290 
291 281 593 290 
291 582 593 281 
291 593 594 290 
291 594 593 582 
291 293 301 583 
291 292 301 293 
291 301 292 290 
291 594 301 290 
268 570 269 280 
268 269 570 256 
268 570 280 568 
268 269 256 44 
268 570 568 555 
268 256 570 555 
268 254 43 255 
268 43 34 255 
268 34 256 255 
268 51 52 43 
268 43 52 44 
268 52 269 44 
268 281 269 52 
268 269 281 280 
268 34 43 44 
268 256 34 44 
268 255 256 555 
268 50 51 43 
268 51 281 52 
268 281 51 280 
268 254 255 555 
268 568 254 555 
268 280 267 568 
268 267 254 568 
268 254 50 43 
268 254 267 50 
268 58 51 50 
268 51 58 280 
268 267 58 50 
268 58 267 280 
1203 927 936 1211 
1203 936 1217 1211 
1203 1210 1217 936 
1203 925 1210 936 
1203 1210 925 1195 
926 595 607 596 
926 595 596 915 
926 596 1196 915 
926 607 916 596 
926 916 1196 596 
926 607 595 618 
926 925 595 915 
926 916 607 618 
926 1196 1195 915 
926 1195 925 915 
926 927 916 618 
926 927 1196 916 
926 936 927 618 
926 1196 1203 1195 
926 1203 925 1195 
926 925 936 617 
926 595 925 617 
926 925 1203 936 
926 936 618 617 
926 618 595 617 
926 1203 927 936 
926 1203 1196 927 
671 660 353 650 
671 670 682 372 
671 362 670 372 
671 362 353 670 
671 682 670 987 
671 670 659 987 
671 659 660 987 
671 670 660 659 
104 99 105 351 
104 351 103 97 
104 351 105 361 
104 103 351 350 
104 110 103 350 
104 105 111 361 
104 111 110 361 
104 350 351 361 
104 110 350 361 
98 351 331 342 
98 99 351 342 
98 331 351 97 
98 351 104 97 
98 99 104 351 
138 420 404 405 
138 404 393 405 
138 404 420 403 
138 393 404 392 
138 130 393 392 
138 392 404 403 
138 130 392 403 
352 353 99 105 
352 362 105 361 
352 362 353 105 
352 105 351 361 
352 105 99 351 
352 670 362 361 
352 353 362 670 
352 351 99 342 
352 351 658 361 
352 658 351 342 
352 99 343 342 
352 99 353 343 
352 669 670 361 
352 658 669 361 
352 658 342 649 
352 343 650 342 
352 343 353 650 
352 670 669 659 
352 669 658 659 
352 660 670 659 
352 659 658 649 
352 342 650 649 
352 660 659 649 
352 660 671 670 
352 671 353 670 
352 353 671 660 
352 650 660 649 
352 353 660 650 
123 392 130 122 
123 393 130 392 
123 122 116 370 
123 393 392 381 
123 392 370 381 
123 392 122 370 
955 629 628 332 
955 639 629 332 
955 332 628 341 
955 639 332 341 
955 629 639 946 
955 638 639 341 
955 629 946 617 
955 628 629 617 
955 956 639 638 
955 639 956 946 
955 965 956 638 
955 936 935 617 
955 946 936 617 
637 330 628 626 
637 647 330 626 
637 628 330 341 
637 954 647 626 
637 955 628 341 
637 638 955 341 
637 965 955 638 
637 944 955 965 
469 470 779 175 
469 779 470 791 
469 779 791 457 
469 779 458 175 
469 458 779 457 
469 458 174 175 
469 458 457 174 
469 791 777 457 
1093 1078 1094 1095 
1093 1094 1078 1077 
1093 1094 1105 1095 
1093 1105 1341 1095 
1093 1331 1341 1340 
1093 1341 1105 1340 
1093 1092 1077 1317 
1093 1331 1092 1317 
1093 1331 1340 1104 
1093 1340 1105 1104 
1093 1092 1330 1104 
1093 1330 1331 1104 
1093 1092 1331 1330 
449 432 751 431 
449 154 432 431 
449 751 769 768 
449 448 463 431 
449 751 448 431 
449 463 448 768 
449 448 751 768 
449 785 463 768 
449 785 464 463 
449 769 785 768 
449 769 464 785 
442 458 762 764 
442 762 458 457 
442 162 151 411 
442 162 411 424 
442 441 162 424 
442 151 162 163 
442 457 458 174 
442 441 457 174 
442 174 458 163 
442 744 425 411 
442 425 762 457 
442 441 425 457 
442 411 425 424 
442 425 441 424 
442 162 174 163 
442 162 441 174 
778 791 779 457 
778 1100 779 791 
778 777 791 457 
778 1100 791 777 
778 779 762 457 
778 761 777 457 
778 762 761 457 
778 1100 777 1087 
778 777 761 1087 
778 1071 762 1088 
778 1326 1100 1087 
778 761 1071 1087 
778 762 1071 761 
778 1325 1326 1087 
778 1071 1325 1087 
778 1325 1088 1326 
778 1325 1071 1088 
880 1169 861 559 
880 558 894 574 
880 894 1179 574 
880 559 558 574 
880 558 559 538 
880 559 861 538 
880 1179 895 574 
880 1169 895 1179 
880 895 559 574 
880 895 1169 559 
906 917 918 598 
906 918 586 598 
906 586 918 587 
906 586 587 573 
906 587 894 573 
906 918 907 587 
906 907 894 587 
397 387 712 698 
397 386 387 698 
397 712 710 698 
397 710 386 698 
397 386 710 396 
397 712 398 409 
397 712 387 398 
397 396 710 409 
397 710 712 409 
397 127 386 396 
397 398 387 388 
397 396 409 133 
397 127 396 133 
397 134 398 388 
397 398 134 409 
397 387 377 388 
397 387 386 377 
397 409 134 133 
397 134 127 133 
397 127 134 388 
397 377 127 388 
397 386 127 377 
1000 999 990 1250 
1000 685 990 999 
624 645 328 634 
624 318 328 319 
624 328 318 634 
931 941 1214 942 
931 940 941 930 
931 1214 941 940 
931 919 940 930 
1251 990 1243 1250 
1251 1243 990 1244 
1251 1000 1258 1259 
1251 1258 1000 1250 
1251 1000 990 1250 
981 990 1243 1244 
981 1243 990 980 
981 1243 1236 1244 
981 1236 1243 980 
981 990 675 980 
981 970 1236 980 
1273 1035 1282 1274 
1273 1021 1035 1011 
1273 1266 1258 1011 
1273 1035 1023 1011 
1273 1023 1035 1274 
1273 1023 1266 1011 
1273 1266 1023 1274 
903 891 913 583 
903 904 891 583 
903 915 904 583 
903 914 915 583 
903 913 914 583 
903 1186 904 915 
903 914 1194 915 
903 1194 914 913 
903 1194 1186 915 
903 1186 1194 1185 
903 1178 1186 1185 
903 1186 1178 904 
903 891 902 913 
903 902 891 890 
903 890 1178 1185 
903 891 892 890 
903 892 891 904 
903 1194 1184 1185 
903 1184 1194 913 
903 902 1184 913 
903 1184 890 1185 
903 1184 902 890 
903 892 1178 890 
903 1178 892 904 
959 970 643 969 
959 970 960 643 
959 1227 970 969 
959 1227 969 968 
959 1219 1227 968 
959 1219 632 1220 
959 1227 1219 1220 
959 1228 970 1227 
959 960 970 1228 
959 1228 1227 1220 
959 960 1228 1220 
883 884 561 577 
883 561 898 577 
883 561 884 542 
883 884 864 542 
883 541 561 542 
883 864 541 542 
883 561 541 560 
883 898 561 560 
908 919 1189 1198 
908 1189 919 907 
908 1189 907 895 
908 907 896 895 
908 1180 1189 895 
576 287 590 276 
576 560 896 575 
576 275 287 276 
576 260 560 575 
576 275 260 575 
576 260 275 276 
576 561 260 276 
576 260 561 560 
576 561 898 560 
576 590 577 276 
576 590 898 577 
576 577 561 276 
576 898 561 577 
589 896 588 575 
589 298 287 286 
589 588 286 575 
589 576 896 575 
589 576 287 590 
589 286 275 575 
589 287 275 286 
589 275 576 575 
589 576 275 287 
1207 921 922 1200 
1207 931 1214 942 
910 590 922 603 
910 898 590 577 
910 591 590 603 
910 577 591 578 
910 590 591 577 
910 577 578 885 
886 1161 1173 865 
886 867 866 564 
886 867 1161 866 
886 563 885 564 
886 866 1161 865 
886 884 1173 885 
886 563 884 885 
886 866 563 564 
886 563 866 865 
886 1173 884 865 
886 884 563 865 
863 864 1159 846 
863 845 541 846 
863 541 864 846 
863 883 864 541 
991 981 990 675 
991 664 981 675 
991 990 981 1244 
991 1251 1000 990 
991 1251 990 1244 
991 1252 1251 1244 
982 1252 991 1244 
982 991 981 1244 
982 981 991 664 
1060 1059 767 749 
1060 767 750 749 
1060 750 751 731 
1060 767 751 750 
1060 767 1061 751 
357 347 356 348 
357 338 348 358 
357 338 347 348 
655 357 664 665 
655 357 665 358 
655 338 357 358 
1300 1059 766 1301 
1300 1092 1316 1301 
1300 766 1092 1301 
1058 766 1059 748 
1058 1300 1059 766 
1276 1024 1267 1275 
1276 1284 1024 1275 
1276 1024 1284 1037 
1276 1284 1285 1037 
612 613 298 309 
612 624 613 309 
612 623 941 634 
612 318 623 634 
612 624 318 634 
612 941 623 930 
612 931 941 930 
612 941 931 942 
297 285 286 588 
297 296 285 588 
297 286 589 588 
297 298 589 286 
297 286 71 72 
297 298 286 72 
297 286 285 63 
297 71 286 63 
297 285 296 70 
297 71 78 72 
297 78 298 72 
297 296 307 70 
297 285 70 63 
297 70 71 63 
297 71 70 77 
297 70 307 77 
297 78 71 77 
438 420 758 419 
438 437 454 159 
438 454 437 775 
438 437 159 419 
438 758 757 419 
438 757 758 775 
438 757 437 419 
438 437 757 775 
422 1051 740 421 
422 741 740 1051 
422 723 1051 421 
422 740 439 421 
422 740 741 439 
422 148 723 421 
422 724 741 1051 
422 723 724 1051 
422 439 148 421 
422 440 148 439 
422 148 440 149 
474 473 185 461 
474 782 473 461 
474 782 461 462 
474 473 782 796 
474 461 178 462 
474 185 178 461 
474 784 782 462 
474 782 784 796 
474 178 179 462 
474 179 178 185 
474 179 185 186 
474 784 475 796 
474 480 475 186 
474 475 480 796 
474 463 784 462 
474 179 463 462 
474 463 179 186 
474 475 463 186 
474 475 784 463 
753 772 771 754 
753 754 1081 1063 
753 1081 770 1063 
753 752 1044 1063 
753 770 752 1063 
753 771 1081 754 
753 770 1081 771 
753 770 769 752 
156 452 435 157 
156 452 434 435 
156 435 144 157 
156 171 452 157 
156 434 452 171 
156 144 435 415 
156 434 171 170 
156 155 434 170 
433 432 155 414 
433 753 769 752 
433 414 752 731 
433 432 414 731 
433 155 154 170 
433 434 155 170 
433 752 751 731 
433 751 432 731 
433 769 751 752 
433 154 155 432 
433 449 154 432 
433 751 449 432 
433 769 449 751 
1047 1291 1290 1030 
1047 1309 1290 1291 
1047 1290 1309 1308 
1047 1065 1290 1308 
1047 1048 1309 1291 
1047 1309 1048 1066 
1047 1309 1066 1308 
1047 1066 1065 1308 
1047 1031 1291 1030 
1047 1031 1048 1291 
1047 1048 736 1066 
1047 736 756 1066 
1047 756 1065 1066 
1047 718 1031 1030 
1047 1048 1031 718 
1047 1048 718 736 
1047 736 718 735 
1047 756 736 735 
1047 1065 756 735 
1046 1045 1065 735 
1046 1045 735 716 
1046 1288 1045 716 
1046 1028 1288 716 
1046 1065 1047 735 
1046 1288 1028 1015 
1046 1047 718 735 
1046 718 1047 1030 
1046 1047 1290 1030 
1046 1047 1065 1290 
734 717 416 435 
734 755 717 435 
734 772 755 435 
734 416 717 735 
734 755 772 754 
734 717 756 735 
734 717 755 756 
734 756 1045 735 
734 772 753 754 
734 1045 756 754 
734 756 755 754 
734 735 1045 716 
734 416 735 716 
734 754 753 1063 
734 753 1044 1063 
734 1045 754 1063 
734 1044 1045 1063 
734 1045 1044 716 
734 1044 416 716 
773 453 788 801 
773 788 1098 801 
773 772 788 453 
773 755 772 453 
773 772 755 754 
773 468 453 801 
773 1098 1110 801 
773 1098 1082 1110 
773 1082 1099 1110 
773 1082 771 754 
773 1082 1098 771 
773 771 772 754 
773 771 1098 788 
773 772 771 788 
445 461 166 165 
445 444 461 165 
445 446 429 166 
445 765 460 444 
445 166 461 462 
445 446 166 462 
445 444 460 461 
971 960 970 643 
971 981 970 1236 
653 652 979 662 
653 345 652 662 
653 355 345 662 
653 979 652 969 
653 980 979 969 
653 346 345 355 
653 346 336 345 
653 346 355 356 
653 347 346 356 
653 336 346 347 
1086 776 1070 759 
1086 1325 1071 1087 
1086 1310 1071 1325 
1086 761 776 1087 
1086 1070 776 761 
1086 1071 1310 1070 
1086 1071 761 1087 
1086 1071 1070 761 
1069 741 1052 1050 
1069 1052 741 1070 
1069 741 740 759 
1069 740 741 1050 
1069 1070 741 759 
1069 1086 1070 759 
1069 1086 1310 1070 
1069 722 740 1050 
540 260 262 261 
540 240 260 261 
540 262 241 261 
540 241 240 261 
540 242 241 262 
540 561 242 262 
540 260 561 262 
540 240 241 223 
540 241 242 223 
540 561 541 242 
540 242 541 223 
540 541 561 560 
540 561 260 560 
540 240 223 521 
540 223 541 521 
540 539 240 521 
540 539 260 240 
540 260 539 560 
1029 718 703 401 
1029 401 703 702 
1029 1028 1046 716 
1029 718 401 735 
1029 1046 718 735 
1029 1046 1028 1015 
1029 401 702 701 
1029 702 1028 701 
1029 1003 1028 702 
1029 703 1003 702 
1029 1028 1003 1015 
1029 716 401 701 
1029 1028 716 701 
1029 735 401 716 
1029 1046 735 716 
1029 718 1046 1030 
1223 954 943 953 
1223 647 953 963 
1223 647 954 953 
933 943 615 614 
933 943 934 615 
933 615 924 614 
933 934 924 615 
933 924 923 614 
933 924 1201 923 
933 924 1208 1201 
933 914 924 934 
933 1208 914 934 
933 1208 924 914 
1338 1102 1103 1337 
1338 1103 1329 1337 
1338 1112 1111 1102 
1338 1111 1103 1102 
1338 795 1111 1112 
1338 1111 795 1103 
1338 795 1112 1104 
1338 1103 795 1104 
774 1066 757 1085 
774 757 437 775 
774 736 757 1066 
774 437 757 736 
774 437 755 453 
774 1084 1085 790 
774 1084 1066 1085 
774 1085 775 790 
774 757 775 1085 
774 775 454 790 
774 437 454 775 
774 756 736 1066 
774 755 773 453 
774 454 453 790 
774 454 437 453 
774 756 755 736 
774 755 437 736 
774 453 468 790 
774 468 773 790 
774 773 468 453 
1339 1340 1331 1104 
1339 1331 1330 1104 
1339 1112 1340 1104 
1339 1338 1112 1104 
1339 1329 1103 1104 
1339 1103 1338 1104 
1339 1329 1338 1103 
1339 1330 1091 1104 
1339 1091 1329 1104 
1339 1330 1329 1091 
1322 1064 1307 1305 
1322 1307 1064 1323 
1322 1064 1082 1323 
1322 1321 1081 1305 
1322 1082 1081 1321 
1322 1082 1336 1323 
1322 1082 1321 1336 
1322 1081 1064 1305 
1322 1081 1082 1064 
1332 1078 1318 1317 
1332 1318 1078 1319 
1332 1078 1333 1319 
1332 1331 1093 1317 
1332 1341 1093 1331 
1332 1333 1078 1095 
1332 1341 1333 1095 
1332 1077 1078 1317 
1332 1093 1077 1317 
1332 1093 1078 1077 
1332 1078 1093 1095 
1332 1093 1341 1095 
719 1031 1048 718 
719 736 1048 737 
719 718 1048 736 
719 737 1048 1032 
719 1048 1031 1032 
719 1031 704 1032 
719 704 1031 718 
719 718 736 402 
719 704 718 391 
719 736 419 402 
719 736 737 419 
719 391 718 402 
719 720 737 1032 
719 720 404 737 
719 704 705 1032 
719 737 404 419 
719 705 720 1032 
719 404 720 705 
719 404 705 391 
719 705 704 391 
719 402 419 403 
719 419 404 403 
719 391 402 403 
719 404 391 403 
1278 1030 1290 1279 
1278 1046 1030 1015 
1278 1046 1290 1030 
1278 1288 1046 1015 
1278 1046 1065 1290 
1269 1030 1278 1279 
1269 1278 1030 1015 
1269 1261 1017 1262 
1269 1017 1030 1279 
1269 1262 1017 1270 
1269 1017 1279 1270 
1132 834 850 1147 
814 500 815 488 
1130 819 1119 1118 
1130 1120 1119 819 
1130 1129 831 1118 
1130 831 819 1118 
1130 1145 831 1129 
1130 1145 1131 832 
1130 819 831 832 
1130 831 1145 832 
548 249 231 248 
548 231 529 248 
548 529 547 248 
548 547 529 869 
1125 825 1126 815 
1125 500 825 815 
1125 814 500 815 
1136 1137 1126 856 
1136 1126 825 856 
1136 1126 1125 825 
838 825 533 856 
838 533 825 516 
838 532 533 516 
531 550 249 549 
531 249 550 232 
531 231 249 232 
551 252 232 251 
551 232 550 251 
551 550 252 251 
551 531 550 232 
551 252 532 232 
551 532 531 232 
551 252 550 565 
551 552 252 565 
551 533 532 553 
551 532 252 553 
551 533 838 532 
551 838 531 532 
551 550 873 565 
551 873 552 565 
551 552 533 553 
551 252 552 553 
874 1165 1152 857 
874 876 1165 857 
874 876 857 875 
874 888 876 875 
874 552 551 873 
874 551 552 533 
874 552 888 875 
874 533 857 856 
874 857 1152 856 
874 857 533 875 
874 533 552 875 
887 552 566 888 
887 888 566 900 
887 552 874 873 
887 874 552 888 
887 552 873 565 
887 566 552 565 
887 1174 888 900 
1188 1197 918 917 
1188 918 906 917 
1188 894 907 1179 
1188 894 906 907 
1188 907 918 1197 
1188 906 918 907 
1188 907 1189 1179 
1188 1189 907 1197 
951 941 623 634 
951 644 336 643 
142 151 162 411 
142 150 141 410 
142 411 162 424 
142 162 150 424 
142 410 411 424 
142 150 410 424 
376 386 696 698 
376 687 387 698 
376 387 386 698 
376 677 377 688 
376 687 677 688 
376 386 387 377 
376 377 677 367 
376 377 367 120 
376 386 377 120 
376 377 387 688 
376 387 687 688 
375 119 126 114 
375 114 126 120 
375 126 386 120 
375 119 365 374 
375 365 119 114 
375 686 696 374 
375 386 376 120 
375 696 376 386 
375 365 686 374 
375 108 114 120 
375 376 696 686 
375 365 114 108 
375 376 367 120 
385 386 126 396 
385 710 386 396 
385 710 696 386 
385 375 126 386 
385 696 375 386 
385 696 710 384 
385 132 126 125 
385 396 126 132 
385 131 132 125 
385 384 131 125 
385 374 384 125 
385 696 384 374 
385 126 119 125 
385 126 375 119 
385 375 696 374 
385 119 374 125 
385 119 375 374 
674 365 686 356 
674 686 365 364 
674 365 355 364 
674 355 365 356 
674 685 686 364 
674 686 685 675 
674 364 355 662 
674 653 355 356 
674 355 653 662 
674 673 364 662 
674 673 685 364 
674 979 673 662 
674 685 673 979 
674 653 979 662 
674 675 685 980 
674 653 980 979 
674 979 980 989 
674 685 979 989 
674 980 685 989 
239 259 35 45 
239 222 240 520 
239 240 222 35 
239 520 539 538 
239 539 259 538 
239 259 240 35 
239 240 539 520 
239 539 240 259 
412 728 745 727 
412 399 728 727 
412 745 411 727 
412 729 745 728 
168 449 154 169 
168 154 449 431 
168 463 167 431 
168 449 463 431 
168 464 449 169 
168 449 464 463 
168 180 464 169 
168 463 464 180 
168 179 463 180 
168 179 167 463 
93 333 332 323 
93 332 87 323 
93 343 99 342 
93 99 98 342 
93 332 333 342 
93 333 343 342 
93 331 332 342 
93 98 331 342 
395 139 131 407 
395 139 132 131 
395 139 396 132 
395 710 385 396 
395 407 131 394 
395 131 384 394 
395 385 384 131 
395 385 710 384 
395 132 385 131 
395 396 385 132 
395 407 394 406 
395 723 407 406 
1025 1024 712 699 
1025 712 726 699 
1025 726 713 699 
1025 1024 1276 1037 
1025 1276 1285 1037 
1025 1285 1038 1037 
743 741 1052 1070 
743 1025 1038 1037 
743 726 744 713 
743 744 1038 713 
743 744 425 1072 
743 1038 744 1072 
743 1025 726 713 
743 1038 1025 713 
783 1105 795 1104 
783 447 782 784 
783 1104 795 781 
783 795 782 781 
783 782 795 796 
783 795 1105 796 
783 1092 1104 781 
783 1093 1105 1104 
783 1105 1093 1094 
783 1105 1094 784 
783 1094 447 784 
783 784 782 796 
783 1105 784 796 
783 1092 1093 1104 
783 447 1094 1077 
783 1092 447 1077 
783 1094 1093 1077 
783 1093 1092 1077 
725 1036 1052 1051 
725 741 724 1051 
725 1052 741 1051 
725 724 711 1051 
725 711 1036 1051 
725 1052 1036 1037 
725 1024 1036 711 
725 1036 1024 1037 
725 724 712 711 
725 712 1024 711 
725 743 1052 1037 
725 724 726 712 
725 1024 1025 1037 
725 1025 743 1037 
725 743 1025 726 
725 1025 1024 712 
725 726 1025 712 
1013 1024 1023 1267 
1013 1023 711 698 
1013 1023 1024 711 
1013 711 712 698 
1013 1024 712 711 
1013 712 1024 699 
1013 1023 698 1022 
1013 1260 687 1002 
1013 1002 387 699 
1013 387 712 699 
1013 712 387 698 
1013 387 687 698 
1013 687 387 1002 
992 687 1260 1002 
992 687 1002 688 
992 1252 1260 687 
992 677 687 688 
992 991 1252 687 
992 991 982 1252 
945 956 965 1226 
945 956 1226 1218 
945 1226 1217 1218 
945 1225 1217 1226 
945 965 1225 1226 
945 955 965 956 
945 946 956 1218 
945 955 956 946 
945 944 1225 965 
945 955 944 965 
945 936 946 1218 
945 1217 936 1218 
945 936 955 946 
945 944 955 935 
945 936 1217 935 
945 955 936 935 
1254 1262 1263 1006 
1254 1006 1263 1255 
1254 995 1006 1255 
1254 1005 1262 1006 
1254 1005 1253 1262 
1254 1245 1253 994 
1254 995 994 1006 
1254 994 1005 1006 
1254 1253 1005 994 
1254 985 994 995 
1254 985 1245 994 
1216 1210 1209 935 
1216 1217 1210 935 
1216 944 945 935 
1216 945 944 1225 
1216 945 1217 935 
1216 945 1225 1217 
851 850 834 1147 
851 850 528 834 
851 869 850 1147 
851 870 869 1147 
851 850 869 527 
851 528 850 527 
851 869 529 527 
851 529 528 527 
851 870 548 869 
851 548 529 869 
833 850 834 510 
833 850 1132 834 
833 1132 850 1131 
833 850 526 832 
833 526 850 510 
833 819 510 820 
833 1120 819 820 
833 1120 1130 819 
833 1131 1130 1120 
833 526 819 832 
833 526 510 819 
833 819 1130 832 
833 1130 1131 832 
811 485 484 496 
811 484 810 496 
811 485 812 484 
811 809 810 484 
821 510 511 496 
821 820 510 496 
821 528 511 510 
821 834 528 510 
821 833 510 820 
821 833 834 510 
821 810 820 496 
821 811 810 496 
821 1120 833 820 
821 810 1120 820 
1055 1297 1073 1054 
1055 1073 763 1054 
1055 1054 763 1072 
1055 1038 1054 1072 
1055 1297 1054 1286 
1055 1054 1038 1286 
1089 1090 763 780 
1089 763 1073 1088 
1089 763 1090 1073 
1089 779 793 780 
1089 793 1090 780 
1089 762 763 1088 
1089 779 780 764 
1089 780 763 764 
1089 1088 1073 1327 
1089 1073 1090 1327 
1089 778 762 1088 
1089 762 778 779 
1089 762 779 764 
1089 763 762 764 
1089 1327 1090 1101 
1089 778 1088 1326 
1089 1090 793 1101 
1089 1326 1327 1101 
1089 1326 1088 1327 
1089 1100 1326 1101 
1089 1100 778 1326 
1089 778 1100 779 
1089 1101 793 792 
1089 1100 1101 792 
1089 793 779 792 
1089 779 1100 792 
746 763 765 764 
746 729 730 1057 
746 729 1057 1041 
746 1057 1298 1041 
746 1298 1055 1041 
1076 446 447 766 
1076 766 447 1092 
1076 460 765 781 
1076 445 765 460 
1076 1092 783 781 
1076 447 783 1092 
1076 783 782 781 
1076 783 447 782 
1076 782 447 462 
1076 447 446 462 
1076 782 460 781 
1076 446 445 462 
1076 460 782 461 
1076 445 460 461 
1076 461 782 462 
1076 445 461 462 
1039 744 727 713 
1039 744 745 727 
1039 727 728 713 
1039 745 728 727 
1039 1038 744 713 
1039 728 729 1041 
1039 745 729 728 
1039 746 1055 1041 
1039 744 1038 1072 
1039 1038 1055 1072 
1039 729 746 1041 
1039 746 729 745 
1172 1160 864 1173 
1172 1159 864 1160 
1172 864 884 1173 
1172 864 883 884 
1229 1222 960 1230 
1229 1228 960 1221 
1229 960 1222 1221 
1229 960 971 1230 
1229 970 1228 1236 
1229 970 960 1228 
1229 971 970 1236 
1229 971 960 970 
952 1214 941 942 
1299 1074 1314 1315 
1042 751 752 731 
1042 751 1061 752 
1042 1060 751 731 
1042 1060 1061 751 
1042 1062 1061 1303 
1042 1061 1062 752 
1016 1003 1261 1015 
1016 1261 1269 1015 
1016 1269 1261 1017 
1016 1029 1003 1015 
1016 1269 1030 1015 
1016 1030 1269 1017 
1016 1003 1029 703 
1016 1030 1046 1015 
1016 1046 1029 1015 
1016 1029 1046 1030 
1016 718 1029 1030 
1016 1031 1030 1017 
1016 1031 718 1030 
1016 704 703 718 
1016 703 1029 718 
1016 704 1031 1017 
1016 1031 704 718 
1153 1152 1165 857 
1153 857 1138 1137 
1153 1152 857 1137 
1153 1154 858 1166 
1153 1139 1138 840 
1153 1138 857 840 
1153 858 1154 1139 
1153 876 1165 1166 
1153 858 876 1166 
1153 1165 876 857 
1153 876 858 857 
1153 858 1139 840 
1153 857 858 840 
137 129 130 403 
137 130 138 403 
137 136 129 403 
137 418 136 403 
137 136 418 146 
147 138 420 403 
147 137 138 403 
147 418 159 146 
147 159 418 419 
147 137 418 146 
147 438 159 419 
147 420 438 419 
147 420 419 403 
147 419 418 403 
147 418 137 403 
117 111 362 371 
117 362 372 371 
117 111 371 116 
117 371 372 381 
117 370 371 381 
117 116 371 370 
117 123 370 381 
117 123 116 370 
627 955 935 617 
627 628 955 617 
627 955 944 935 
627 637 955 628 
627 944 934 935 
627 944 954 934 
627 944 637 954 
627 637 944 955 
627 637 628 626 
627 954 637 626 
627 935 606 617 
627 934 606 935 
627 934 954 615 
627 616 628 617 
627 615 954 626 
627 934 615 606 
627 606 616 617 
627 311 616 606 
627 615 311 606 
627 311 615 626 
627 321 628 616 
627 311 321 616 
627 628 321 626 
627 321 311 626 
1215 1209 934 935 
1215 934 944 935 
1215 1216 1209 935 
1215 944 1216 935 
1215 933 943 934 
1215 943 954 934 
1215 954 944 934 
1215 943 1223 954 
1215 1223 944 954 
1215 1208 934 1209 
1215 1208 933 934 
648 638 637 341 
648 658 975 638 
648 658 638 341 
648 657 647 974 
648 975 668 974 
648 658 668 975 
648 668 657 974 
648 647 657 340 
648 341 330 340 
648 637 330 341 
648 330 647 340 
648 330 637 647 
648 351 341 340 
648 351 658 341 
648 657 668 350 
648 668 658 350 
648 657 350 340 
648 350 351 340 
648 658 351 350 
456 469 791 777 
456 441 455 161 
456 441 161 174 
456 469 457 174 
456 469 777 457 
456 776 761 777 
456 776 455 761 
456 455 441 761 
456 457 441 174 
456 777 761 457 
456 761 441 457 
426 442 762 764 
426 762 763 764 
426 763 746 764 
426 763 762 1072 
426 442 425 762 
426 442 744 425 
426 745 744 411 
426 744 442 411 
426 762 425 1072 
426 425 744 1072 
426 744 1039 1072 
426 1039 744 745 
426 746 1039 745 
426 1055 763 1072 
426 1055 746 763 
426 1039 1055 1072 
426 1039 746 1055 
697 685 1000 999 
697 1011 1000 1022 
697 1000 1011 999 
697 685 999 684 
697 1010 1011 1022 
697 999 1011 1010 
697 384 1010 1022 
697 696 384 1022 
697 999 1010 684 
697 686 685 684 
697 1010 384 684 
697 374 686 684 
697 696 686 374 
697 384 374 684 
697 384 696 374 
932 922 1207 921 
932 1207 931 921 
932 612 931 942 
932 931 1207 942 
1034 1282 1273 1035 
1034 1273 1021 1035 
1034 1021 1273 1282 
1034 1282 1035 722 
1034 722 1035 406 
1034 722 406 708 
1034 708 1021 695 
1034 1010 1021 708 
1265 1021 1011 1009 
1265 1021 1273 1011 
1265 999 1257 1009 
1265 1257 999 1250 
1265 1273 1258 1011 
1265 1011 999 1009 
1265 999 1000 1250 
1265 1000 1258 1250 
1265 1011 1000 999 
1265 1258 1000 1011 
1199 919 908 1198 
1199 908 919 921 
1199 908 921 1200 
1199 921 1207 1200 
920 589 896 588 
920 896 907 588 
920 896 908 907 
920 908 919 907 
920 919 908 921 
920 588 907 600 
920 907 919 600 
920 919 930 600 
920 919 931 930 
920 931 919 921 
602 922 590 603 
602 590 287 603 
602 589 287 590 
602 932 922 603 
602 922 932 921 
602 589 298 287 
602 920 589 921 
602 287 299 603 
602 287 298 299 
602 613 932 603 
602 299 613 603 
602 298 613 299 
602 298 612 613 
602 612 932 613 
602 932 931 921 
602 932 612 931 
602 931 920 921 
602 931 612 930 
602 920 931 930 
1192 910 898 590 
1192 922 910 590 
1192 898 910 577 
862 863 1140 845 
862 845 844 521 
862 845 1140 844 
862 541 845 521 
862 541 863 845 
862 844 843 521 
862 1140 843 844 
862 843 1140 1156 
862 539 540 521 
862 540 541 521 
862 843 539 521 
862 539 843 1156 
862 881 539 1156 
862 540 539 560 
862 541 540 560 
862 539 881 560 
882 862 881 560 
882 883 863 541 
882 863 862 541 
882 883 898 1182 
882 898 1181 1182 
882 883 541 560 
882 541 862 560 
882 898 883 560 
676 664 991 675 
676 357 664 675 
676 664 357 665 
676 982 664 665 
676 982 991 664 
676 992 665 677 
676 992 982 665 
676 982 992 991 
676 677 665 358 
676 665 357 358 
676 677 376 687 
676 992 677 687 
676 991 992 687 
1012 1252 991 687 
1012 1000 1251 1259 
1012 991 1251 1000 
1012 1013 1260 687 
1012 1252 1260 1259 
1012 1260 1252 687 
1012 1251 1252 1259 
1012 1251 991 1252 
1012 1260 1267 1259 
1012 1260 1013 1267 
1012 1023 1013 1022 
1012 1013 698 1022 
1012 1013 687 698 
1012 1267 1023 1259 
1012 1013 1023 1267 
1012 1011 1023 1022 
1012 1000 1011 1022 
1012 1023 1266 1259 
1012 1266 1023 1011 
1012 1258 1000 1259 
1012 1000 1258 1011 
1012 1266 1258 1259 
1012 1258 1266 1011 
972 664 982 665 
972 655 664 665 
732 1042 752 731 
732 1287 1027 1044 
732 752 414 731 
732 1044 414 752 
732 1044 715 414 
732 1044 1027 715 
732 1044 752 1063 
1277 1038 1285 1286 
1277 1025 1276 1285 
1277 1025 1038 713 
1277 1025 1285 1038 
1043 1304 1306 1063 
1043 1306 1287 1063 
1043 1304 1062 1303 
1043 1062 1042 1303 
1043 1062 1304 1063 
1043 752 1062 1063 
1043 1042 1062 752 
1043 1287 1044 1063 
1043 1044 732 1063 
1043 1287 732 1044 
1043 732 752 1063 
1043 732 1042 752 
1026 713 728 714 
1026 728 1039 1041 
1026 1039 728 713 
1026 1038 1039 713 
1026 1277 1038 713 
747 766 1058 748 
747 748 1058 1057 
747 446 766 748 
747 446 1076 766 
747 1076 445 765 
747 730 748 1057 
747 445 1076 446 
747 746 730 1057 
747 429 446 748 
747 429 445 446 
747 730 429 748 
747 445 429 730 
635 612 941 634 
635 941 612 942 
635 941 952 634 
635 952 941 942 
635 624 612 634 
635 952 962 634 
635 645 624 634 
635 612 624 613 
635 962 645 634 
635 612 932 942 
635 932 612 613 
601 297 589 588 
601 589 297 298 
601 589 920 588 
601 588 920 600 
601 602 589 298 
601 602 920 589 
601 296 588 600 
601 296 297 588 
601 920 930 600 
601 920 602 930 
601 307 296 600 
601 307 297 296 
601 602 612 930 
601 612 602 298 
601 930 611 600 
601 611 307 600 
601 612 623 930 
601 623 611 930 
408 422 723 724 
408 723 422 148 
408 395 139 396 
408 723 710 724 
408 723 395 710 
408 139 395 407 
408 395 723 407 
408 139 148 149 
408 148 422 149 
408 148 139 407 
408 723 148 407 
408 710 395 396 
408 140 139 149 
408 710 396 409 
408 724 710 409 
408 396 140 409 
408 396 139 140 
760 422 741 439 
760 455 439 759 
760 439 741 759 
760 455 440 439 
760 440 422 439 
760 741 1070 759 
760 1070 776 759 
760 776 455 759 
760 440 455 160 
760 776 1070 761 
760 455 776 761 
760 160 441 424 
760 441 425 424 
760 441 455 761 
760 455 161 160 
760 161 441 160 
760 455 441 161 
760 1070 425 761 
760 425 441 761 
479 474 473 185 
479 480 474 186 
479 474 185 186 
479 474 480 796 
479 473 474 796 
479 480 803 796 
479 803 473 796 
479 473 803 472 
479 184 473 472 
479 185 473 184 
451 771 772 466 
451 753 772 771 
451 772 434 466 
451 753 434 772 
451 770 753 771 
451 769 753 770 
451 771 787 786 
451 787 771 466 
451 465 769 786 
451 770 771 786 
451 769 770 786 
451 433 753 769 
451 753 433 434 
451 787 465 786 
451 465 787 466 
733 156 435 415 
733 156 434 435 
733 433 753 434 
733 434 772 435 
733 434 753 772 
733 155 156 415 
733 434 156 155 
733 435 416 415 
733 734 753 1044 
733 433 434 155 
733 772 734 435 
733 753 734 772 
733 416 715 415 
733 416 1044 715 
733 416 734 1044 
733 734 416 435 
733 715 414 415 
733 715 1044 414 
733 414 155 415 
733 433 155 414 
733 414 1044 752 
733 433 414 752 
733 1044 753 752 
733 753 433 752 
450 433 154 170 
450 433 449 154 
450 170 154 169 
450 154 449 169 
450 434 433 170 
450 451 433 434 
450 449 433 769 
450 433 451 769 
450 182 170 169 
450 449 464 169 
450 434 170 182 
450 464 449 769 
450 434 182 466 
450 451 434 466 
450 464 769 465 
450 769 451 465 
450 181 182 169 
450 465 182 181 
450 182 465 466 
450 465 451 466 
450 464 181 169 
450 464 465 181 
789 468 773 801 
789 773 468 790 
789 773 1110 801 
789 1084 774 790 
789 774 773 790 
789 773 774 1084 
789 1110 800 801 
789 1085 1084 790 
789 1099 773 1084 
789 773 1099 1110 
1083 773 1099 1084 
1083 1324 1066 1084 
1083 1099 1324 1084 
1083 1066 774 1084 
1083 774 773 1084 
1083 756 774 1066 
1083 1324 1099 1323 
1083 755 774 756 
1083 773 774 755 
1083 1099 1082 1323 
1083 1099 773 1082 
1083 1065 756 1066 
1083 1308 1324 1323 
1083 1066 1324 1308 
1083 755 756 754 
1083 773 755 754 
1083 1082 1064 1323 
1083 1082 773 754 
1083 1065 1308 1323 
1083 1065 1066 1308 
1083 1064 1065 1323 
1083 756 1065 1064 
1083 756 1064 754 
1083 1064 1082 754 
642 653 345 652 
642 653 336 345 
642 345 336 335 
642 336 653 643 
642 643 653 969 
642 653 652 969 
642 641 335 325 
642 641 345 335 
642 959 643 969 
642 345 641 344 
642 652 345 344 
642 969 652 968 
642 959 969 968 
642 641 325 958 
642 651 641 958 
642 641 651 344 
642 651 652 344 
642 325 632 958 
642 968 651 958 
642 652 651 968 
642 632 1219 958 
642 632 959 1219 
642 1219 968 958 
642 1219 959 968 
663 336 653 347 
663 653 336 643 
663 357 347 356 
663 347 653 356 
663 653 674 356 
663 971 970 643 
663 675 357 356 
663 674 675 356 
663 643 970 969 
663 653 643 969 
663 664 357 675 
663 675 674 980 
663 674 653 980 
663 970 980 969 
663 980 653 969 
663 970 981 980 
663 971 981 970 
663 981 664 675 
663 981 971 664 
663 981 675 980 
1293 1310 1294 1052 
1293 1310 1052 1070 
1293 1052 1069 1070 
1293 1069 1310 1070 
1293 1069 1052 1050 
1293 1050 1052 1283 
1293 1052 1294 1283 
1231 974 963 1238 
1231 1239 974 1238 
1231 1239 975 974 
1231 1239 1232 975 
1289 1065 1307 1290 
1289 1278 1065 1290 
1289 1288 1287 1045 
1289 1287 1306 1045 
1289 1306 1064 1045 
1289 1306 1307 1064 
1289 1046 1278 1288 
1289 1278 1046 1065 
1289 1046 1288 1045 
1289 1065 1046 1045 
1289 1064 1065 1045 
1289 1307 1065 1064 
1224 1215 1223 944 
1224 1216 1215 944 
1224 1216 944 1225 
1224 1225 965 1232 
1224 1225 944 965 
1146 1132 850 1147 
1146 1147 850 868 
1146 868 849 1162 
1146 868 850 849 
1146 832 1145 1162 
1146 850 1132 1131 
1146 849 832 1162 
1146 850 832 849 
1146 1131 1145 832 
1146 833 1131 832 
1146 850 833 832 
1146 833 850 1131 
1121 822 821 834 
1121 833 1132 834 
1121 833 821 1120 
1121 821 833 834 
1121 1131 833 1120 
1121 1132 833 1131 
813 487 499 488 
813 498 499 487 
813 498 487 812 
813 812 487 488 
823 499 813 498 
823 813 814 1123 
823 813 499 488 
823 836 822 1123 
823 822 1116 1123 
823 1116 813 1123 
823 813 1116 812 
823 498 813 812 
1142 829 1127 1141 
1142 829 1128 1127 
1142 1128 847 1143 
1142 847 829 1143 
1142 1128 829 847 
1142 846 1159 1143 
1142 829 846 1143 
1142 845 829 1141 
1142 829 845 846 
1158 863 1159 846 
1158 1159 1142 846 
1158 1140 845 1141 
1158 1140 863 845 
1158 845 1142 1141 
1158 845 863 846 
1158 1142 845 846 
1151 1152 1137 856 
1151 1137 1136 856 
512 529 231 230 
512 528 851 529 
512 528 529 230 
512 231 215 230 
512 511 528 230 
512 511 230 214 
512 230 215 214 
837 825 838 856 
837 1136 825 856 
837 1151 1136 856 
837 1136 1151 1135 
837 1136 1135 1124 
837 1135 836 1124 
837 1136 1125 825 
837 1125 1136 1124 
515 838 825 516 
515 516 825 501 
515 825 500 501 
515 204 516 501 
515 500 204 501 
515 532 838 516 
515 500 499 204 
515 217 516 204 
515 217 532 516 
515 499 203 204 
515 203 217 204 
515 217 203 216 
515 532 217 216 
872 550 531 549 
872 551 550 873 
872 551 531 550 
855 838 533 856 
855 838 551 533 
855 533 874 856 
855 551 874 533 
855 837 838 856 
855 531 551 838 
855 872 551 531 
855 874 551 873 
855 551 872 873 
855 1151 837 856 
1163 874 855 873 
1163 874 1152 856 
1163 855 874 856 
1163 855 872 873 
1163 1152 1151 856 
1163 1151 855 856 
1164 1174 876 888 
1164 876 874 888 
1164 887 1174 888 
1164 874 887 888 
1164 876 1174 1165 
1164 874 876 1165 
1164 887 874 873 
1164 874 1163 873 
1164 1152 874 1165 
1164 1163 874 1152 
327 318 644 634 
327 644 951 634 
327 623 318 634 
327 951 623 634 
327 644 318 337 
327 336 644 337 
327 336 951 644 
327 318 326 337 
327 317 318 623 
327 326 336 337 
327 317 611 316 
327 317 623 611 
327 317 316 326 
327 318 317 326 
327 316 335 326 
327 335 336 326 
949 1220 632 938 
949 632 939 938 
949 959 632 1220 
949 960 959 1220 
949 939 940 1212 
949 1212 1220 938 
949 939 1212 938 
949 1220 1212 1221 
949 960 1220 1221 
949 1212 1213 1221 
949 940 1213 1212 
961 960 971 643 
961 951 960 643 
961 971 960 1230 
961 644 962 634 
961 951 644 634 
961 960 1222 1230 
961 1222 952 1230 
961 1230 952 962 
961 972 1230 962 
961 962 952 634 
961 941 951 634 
961 952 941 634 
366 365 375 108 
366 375 365 686 
366 365 108 356 
366 686 365 356 
366 367 108 120 
366 375 367 120 
366 108 375 120 
366 375 376 367 
366 376 375 686 
366 676 376 686 
366 348 108 367 
366 356 108 348 
366 357 356 348 
366 357 675 356 
366 376 677 367 
366 376 676 677 
366 348 367 358 
366 357 348 358 
366 676 357 358 
366 676 686 675 
366 357 676 675 
366 675 674 356 
366 674 686 356 
366 686 674 675 
366 367 677 358 
366 677 676 358 
258 239 259 538 
258 259 239 45 
258 272 558 273 
258 259 45 273 
258 559 558 538 
258 558 559 273 
258 45 54 273 
258 54 272 273 
258 259 559 538 
258 559 259 273 
143 399 727 410 
143 399 412 727 
143 727 411 410 
143 412 411 727 
143 411 142 410 
143 134 399 410 
143 141 134 410 
143 142 141 410 
413 412 729 745 
92 93 98 331 
92 331 87 332 
92 87 93 332 
92 93 331 332 
92 87 322 86 
92 322 331 86 
92 87 331 322 
92 331 91 86 
92 91 331 97 
92 331 98 97 
709 723 395 406 
709 1035 723 406 
709 384 1010 708 
709 395 394 406 
709 395 384 394 
709 1010 384 1022 
709 1034 406 708 
709 1034 1035 406 
709 1010 1034 708 
709 406 394 708 
709 394 384 708 
709 384 710 1022 
709 395 710 384 
709 1011 1010 1022 
709 1035 1011 1022 
709 1011 1035 1010 
709 711 1035 1022 
709 723 1035 711 
709 395 723 710 
709 1035 1021 1010 
709 1021 1034 1010 
709 1034 1021 1035 
709 710 711 1022 
709 710 723 711 
1053 1295 1294 1037 
1053 1038 1295 1037 
1053 743 1038 1037 
1053 1294 1052 1037 
1053 1052 743 1037 
1053 1294 1295 1311 
1053 1038 1054 1295 
1053 743 1052 1070 
1053 1295 1054 1311 
1053 1054 1038 1072 
1053 1038 743 1072 
1053 1052 1310 1070 
1053 1294 1310 1052 
1053 1054 1071 1311 
1053 1310 1294 1311 
1053 1071 1310 1311 
1053 1071 1054 1072 
1053 1310 1071 1070 
1053 1071 425 1070 
1053 425 743 1070 
1053 425 1071 1072 
1053 743 425 1072 
1246 1239 985 1240 
1246 1247 995 1255 
1246 995 1254 1255 
1246 985 1254 995 
1246 985 1239 1245 
1246 1254 985 1245 
1246 1247 976 995 
1246 1240 976 1247 
1246 976 985 995 
1246 1240 985 976 
1115 821 811 810 
1115 821 1121 822 
1115 821 810 1120 
1115 1121 821 1120 
427 765 444 764 
427 746 765 764 
427 765 445 444 
427 747 445 765 
427 746 747 765 
427 426 746 764 
427 746 426 745 
427 729 746 745 
427 413 729 745 
427 445 747 730 
427 747 746 730 
427 746 729 730 
427 729 413 730 
1056 763 1074 765 
1056 746 763 765 
1056 746 1055 763 
1056 747 746 765 
1056 1055 746 1298 
1056 1074 763 1073 
1056 763 1055 1073 
1056 1058 1299 1298 
1056 1058 1298 1057 
1056 1298 746 1057 
1056 747 1058 1057 
1056 746 747 1057 
1056 1074 1073 1314 
1056 1298 1299 1314 
1056 1299 1074 1314 
1056 1073 1297 1314 
1056 1055 1297 1073 
1056 1297 1298 1314 
1056 1055 1298 1297 
1237 971 1229 1236 
1237 1229 971 1230 
1237 971 972 1230 
1237 981 1236 1244 
1237 981 971 1236 
1237 982 981 1244 
1237 981 982 664 
1237 982 972 664 
1237 971 981 664 
1237 972 971 664 
1075 1315 1299 1316 
1075 1074 1299 1315 
1075 1091 1315 1316 
1075 1074 1315 1091 
1075 1092 1091 1316 
1075 1300 1092 1316 
1075 1299 1300 1316 
1075 1091 1092 781 
1075 1074 1091 781 
1075 1300 766 1092 
1075 1092 1076 781 
1075 766 1076 1092 
1075 1056 1299 1074 
1075 1300 1058 766 
1075 1299 1058 1300 
1075 765 1074 781 
1075 1076 765 781 
1075 747 1076 766 
1075 1299 1056 1058 
1075 1076 747 765 
1075 1058 747 766 
1075 1056 747 1058 
1075 1056 1074 765 
1075 747 1056 765 
1004 1016 704 703 
1004 690 703 391 
1004 703 704 391 
1004 703 690 678 
1004 691 690 391 
1004 704 691 391 
1004 1003 1016 703 
1004 704 1005 691 
1004 1005 704 1017 
1004 704 1016 1017 
1004 690 679 678 
1004 702 703 678 
1004 1003 702 678 
1004 1003 703 702 
1004 691 679 690 
1004 1005 679 691 
1004 1261 1005 1017 
1004 1016 1261 1017 
1004 679 993 678 
1004 679 1005 993 
1004 993 1003 678 
1004 1016 1003 1261 
1004 1005 1261 993 
1004 1261 1003 993 
382 117 372 381 
382 707 393 381 
382 694 707 381 
382 694 372 707 
382 393 123 381 
382 123 117 381 
382 372 681 381 
382 681 694 381 
382 372 694 681 
964 648 647 974 
964 648 637 647 
964 975 648 974 
964 974 647 963 
964 1231 974 963 
964 647 1223 963 
964 1223 1231 963 
964 1231 975 974 
964 944 637 965 
964 637 954 647 
964 954 1223 647 
964 975 965 638 
964 648 975 638 
964 965 637 638 
964 637 648 638 
964 1232 965 975 
964 1231 1232 975 
964 1224 944 965 
964 637 944 954 
964 944 1223 954 
964 1224 1223 944 
964 1224 1231 1223 
964 1224 965 1232 
964 1231 1224 1232 
1001 1000 697 685 
1001 1000 685 990 
1001 991 1000 990 
1001 685 697 686 
1001 991 1012 1000 
1001 990 685 675 
1001 991 990 675 
1001 685 686 675 
1001 697 1000 1022 
1001 1000 1012 1022 
1001 1012 991 687 
1001 686 676 675 
1001 676 991 675 
1001 991 676 687 
1001 697 696 686 
1001 1012 698 1022 
1001 1012 687 698 
1001 676 376 687 
1001 376 676 686 
1001 696 376 686 
1001 698 696 1022 
1001 696 697 1022 
1001 687 376 698 
1001 376 696 698 
897 1181 882 898 
897 908 896 895 
897 898 882 560 
897 1180 908 895 
897 576 898 560 
897 896 576 560 
897 881 896 560 
897 882 881 560 
897 896 881 895 
897 881 882 1170 
897 882 1181 1170 
897 881 1170 895 
897 1170 1180 895 
897 1181 1180 1170 
1190 908 1199 1200 
1190 908 1180 1189 
1190 908 897 1180 
1190 897 1181 1180 
1190 908 1189 1198 
1190 1199 908 1198 
1206 1207 931 1214 
1206 931 1207 921 
1206 1207 1199 921 
1206 1214 931 940 
1206 919 931 921 
1206 1199 919 921 
1206 1213 940 1205 
1206 1213 1214 940 
1206 940 919 1205 
1206 931 919 940 
1206 1205 919 1198 
1206 919 1199 1198 
909 589 920 921 
909 920 589 896 
909 920 908 921 
909 908 920 896 
909 589 602 590 
909 602 589 921 
909 576 589 590 
909 589 576 896 
909 897 908 896 
909 602 922 590 
909 922 602 921 
909 898 576 590 
909 921 908 1200 
909 922 921 1200 
909 897 576 898 
909 576 897 896 
909 908 1190 1200 
909 897 1190 908 
909 1192 922 1200 
909 922 1192 590 
909 1192 898 590 
899 898 1192 577 
899 1192 898 1182 
899 883 898 577 
899 898 883 1182 
899 883 1172 1182 
899 884 883 577 
899 1172 883 884 
899 1172 884 1173 
899 1173 884 885 
899 884 577 885 
899 577 910 885 
899 1192 910 577 
1157 862 863 1140 
1157 862 882 863 
1157 862 1140 1156 
1157 863 1158 1140 
1157 881 862 1156 
1157 882 862 881 
1157 1170 881 1156 
1157 882 881 1170 
1157 1181 882 1170 
1040 1038 1277 1286 
1040 1026 1277 1038 
1040 1055 1298 1041 
1040 1055 1038 1286 
1040 1297 1055 1286 
1040 1298 1055 1297 
1040 1039 1055 1041 
1040 1026 1039 1041 
1040 1055 1039 1038 
1040 1039 1026 1038 
1268 1260 1013 1002 
1268 1002 1013 699 
1268 1013 1260 1267 
1268 1277 1025 1276 
1268 1013 1024 699 
1268 1276 1024 1267 
1268 1024 1013 1267 
1268 1024 1025 699 
1268 1276 1025 1024 
1302 1042 1061 1303 
1302 1042 1060 1061 
1302 1077 1059 1301 
1302 1061 1318 1303 
1302 767 1059 1077 
1302 767 1060 1059 
1302 1318 1077 1301 
1302 1318 1061 1077 
1302 1061 767 1077 
1302 1060 767 1061 
308 297 601 307 
308 78 297 77 
308 297 307 77 
308 298 297 78 
308 601 297 298 
308 307 317 77 
308 601 623 611 
308 307 601 611 
308 78 77 84 
308 77 317 84 
308 623 317 611 
308 317 307 611 
308 298 78 309 
308 601 612 623 
308 612 601 298 
308 78 84 319 
308 309 78 319 
308 318 317 623 
308 612 298 309 
308 84 318 319 
308 317 318 84 
308 612 318 623 
308 624 309 319 
308 624 612 309 
308 318 624 319 
308 612 624 318 
423 724 408 409 
423 422 408 724 
423 408 422 149 
423 410 726 409 
423 408 140 409 
423 140 408 149 
423 150 140 149 
423 410 150 424 
423 160 760 424 
423 422 440 149 
423 422 760 440 
423 140 141 409 
423 150 141 140 
423 150 160 424 
423 160 150 149 
423 141 410 409 
423 141 150 410 
423 440 160 149 
423 440 760 160 
1122 1115 1121 822 
1122 1116 822 1123 
1122 1115 822 1116 
835 822 823 836 
835 823 853 836 
835 822 836 852 
835 836 853 852 
835 853 512 852 
835 834 822 852 
835 821 822 834 
835 528 512 511 
835 851 834 852 
835 851 528 834 
835 512 851 852 
835 851 512 528 
835 821 528 511 
835 528 821 834 
1133 1121 1132 834 
1133 822 1121 834 
1133 1122 1121 822 
1133 822 834 852 
1133 1149 836 852 
1133 836 822 852 
530 231 548 249 
530 531 231 249 
530 548 231 529 
530 231 512 529 
530 249 548 549 
530 531 249 549 
530 851 548 529 
530 512 851 529 
530 512 853 852 
530 851 512 852 
530 548 870 549 
530 548 851 870 
530 870 851 852 
530 549 870 871 
530 870 852 871 
824 837 838 853 
824 838 515 853 
824 838 837 825 
824 515 838 825 
824 499 515 500 
824 853 515 499 
824 515 825 500 
824 823 853 499 
824 853 823 836 
824 837 853 836 
824 825 1125 500 
824 837 1125 825 
824 1125 814 500 
824 499 500 488 
824 500 814 488 
824 823 499 488 
824 837 836 1124 
824 814 1125 1124 
824 1125 837 1124 
824 814 813 488 
824 813 823 488 
824 823 813 814 
824 1124 836 1123 
824 836 823 1123 
824 814 1124 1123 
824 823 814 1123 
514 838 531 853 
514 515 838 853 
514 531 838 532 
514 838 515 532 
514 515 203 216 
514 532 515 216 
514 215 231 216 
514 231 232 216 
514 231 531 232 
514 530 531 231 
514 531 530 853 
514 203 215 216 
514 515 499 203 
514 515 853 499 
514 232 532 216 
514 531 532 232 
514 512 231 215 
514 512 530 231 
514 530 512 853 
854 531 855 838 
854 855 837 838 
854 531 838 853 
854 838 837 853 
854 872 855 531 
854 530 531 853 
854 872 549 871 
854 872 531 549 
854 852 1149 871 
854 530 852 871 
854 530 853 852 
854 549 530 871 
854 531 530 549 
854 853 836 852 
854 853 837 836 
854 836 1149 852 
854 836 1135 1149 
854 837 1135 836 
1148 1149 852 871 
1148 852 870 871 
1148 1149 1133 852 
1148 870 851 1147 
1148 851 870 852 
1148 851 834 1147 
1148 834 851 852 
1148 834 1132 1147 
1148 1133 834 852 
1148 1133 1132 834 
622 327 623 611 
622 327 951 623 
622 611 623 930 
622 951 941 623 
622 611 930 929 
622 930 940 929 
622 623 941 930 
622 941 940 930 
622 940 939 929 
622 940 949 939 
622 611 610 621 
622 610 939 621 
622 316 611 621 
622 327 316 621 
622 327 611 316 
622 611 929 610 
622 929 939 610 
654 961 971 643 
654 971 663 643 
654 644 951 643 
654 951 961 643 
654 961 951 644 
654 961 644 962 
654 644 336 347 
654 336 644 643 
654 336 663 347 
654 663 336 643 
654 663 357 347 
654 357 663 664 
654 663 971 664 
654 655 357 664 
654 962 644 645 
654 655 962 645 
654 655 972 962 
654 972 961 962 
654 972 655 664 
654 971 972 664 
654 972 971 1230 
654 971 961 1230 
654 961 972 1230 
654 338 644 347 
654 357 338 347 
654 357 655 338 
654 644 338 645 
654 338 655 645 
152 143 412 411 
152 151 142 411 
152 142 143 411 
152 412 745 411 
152 412 413 745 
428 429 445 730 
428 445 427 730 
428 427 413 730 
428 413 427 153 
428 445 166 165 
428 445 429 166 
428 153 444 165 
428 427 444 153 
428 444 445 165 
428 427 445 444 
443 427 426 745 
443 442 426 764 
443 426 427 764 
443 745 426 411 
443 426 442 411 
443 444 427 153 
443 458 442 764 
443 427 413 153 
443 413 427 745 
443 413 152 153 
443 152 413 745 
443 152 151 153 
443 152 745 411 
443 153 151 164 
443 151 442 163 
443 442 458 163 
443 444 153 164 
443 458 444 164 
443 444 458 764 
443 427 444 764 
443 442 151 411 
443 151 152 411 
443 164 151 163 
443 458 164 163 
1191 1190 897 1181 
1191 909 1190 1200 
1191 1190 909 897 
1191 1181 898 1182 
1191 1181 897 898 
1191 897 909 898 
1191 898 1192 1182 
1191 1192 909 1200 
1191 909 1192 898 
1171 1158 863 1159 
1171 1158 1157 863 
1171 863 864 1159 
1171 864 1172 1159 
1171 863 883 864 
1171 883 1172 864 
1171 1157 882 863 
1171 882 1181 1182 
1171 882 1157 1181 
1171 863 882 883 
1171 1172 883 1182 
1171 883 882 1182 
1014 1002 1268 699 
1014 700 699 714 
1014 700 1002 699 
1014 699 713 714 
1014 713 1026 714 
1014 1277 1026 713 
1014 1268 1025 699 
1014 1268 1277 1025 
1014 1025 713 699 
1014 1025 1277 713 
742 760 422 741 
742 760 423 422 
742 741 422 724 
742 422 423 724 
742 423 760 424 
742 725 741 724 
742 726 725 724 
742 726 724 409 
742 724 423 409 
742 423 726 409 
742 743 725 726 
742 741 743 1070 
742 760 741 1070 
742 410 423 424 
742 726 423 410 
742 743 741 1052 
742 741 725 1052 
742 725 743 1052 
742 743 425 1070 
742 425 760 1070 
742 744 743 726 
742 760 425 424 
742 744 410 424 
742 744 726 410 
742 425 744 424 
742 743 744 425 
513 835 823 853 
513 499 823 498 
513 853 823 499 
513 512 835 853 
513 499 498 202 
513 514 853 499 
513 498 201 202 
513 514 512 853 
513 835 512 511 
513 203 499 202 
513 514 499 203 
513 202 201 214 
513 512 514 215 
513 201 511 214 
513 511 512 214 
513 215 203 202 
513 215 514 203 
513 215 202 214 
513 512 215 214 
497 835 821 822 
497 823 835 822 
497 823 822 1116 
497 822 1115 1116 
497 821 1115 822 
497 823 1116 812 
497 498 823 812 
497 513 823 498 
497 513 835 823 
497 1115 811 1116 
497 1115 821 811 
497 1116 811 812 
497 513 498 201 
497 811 821 496 
497 201 498 812 
497 511 513 201 
497 835 513 511 
497 511 201 496 
497 821 511 496 
497 821 835 511 
497 485 811 496 
497 811 485 812 
497 201 485 496 
497 485 201 812 
1134 822 1133 836 
1134 1122 1133 822 
1134 822 836 1123 
1134 1122 822 1123 
1134 836 1124 1123 
1134 836 1135 1124 
1134 1135 836 1149 
1134 836 1133 1149 
1150 837 855 1151 
1150 854 855 837 
1150 837 1151 1135 
1150 854 837 1135 
1150 855 854 872 
1150 854 1135 1149 
1150 855 1163 1151 
1150 1163 855 872 
1150 872 854 871 
1150 854 1149 871 
950 622 951 941 
950 622 949 951 
950 622 941 940 
950 949 622 940 
950 951 961 941 
950 951 949 960 
950 961 952 941 
950 952 961 1222 
950 1222 961 960 
950 961 951 960 
950 1213 949 940 
950 1222 960 1221 
950 960 949 1221 
950 952 1214 941 
950 1214 952 1222 
950 1214 1213 940 
950 941 1214 940 
950 1214 1222 1213 
950 1213 1222 1221 
950 949 1213 1221 
633 939 949 632 
633 622 949 939 
633 939 632 621 
633 622 939 621 
633 949 622 951 
633 327 622 621 
633 949 959 632 
633 622 327 951 
633 632 325 621 
633 959 949 960 
633 949 951 960 
633 325 316 621 
633 316 327 621 
633 959 642 632 
633 642 959 643 
633 959 960 643 
633 960 951 643 
633 951 327 336 
633 335 316 325 
633 327 316 335 
633 951 336 643 
633 336 642 643 
633 632 642 325 
633 336 327 335 
633 642 335 325 
633 642 336 335 
