562 2
 -9.9998305e-001  5.8220173e-003
 -9.9676791e-001 -8.0335107e-002
 -9.9629958e-001  8.5948490e-002
 -9.8722614e-001  1.5932530e-001
 -9.8700527e-001 -1.6068786e-001
 -9.7204932e-001 -2.3477676e-001
 -9.7025340e-001  2.4209159e-001
 -9.4808107e-001  3.1802875e-001
 -9.4790242e-001 -3.1856082e-001
 -9.3526111e-001 -3.4215629e-002
 -9.2352521e-001  4.2831788e-002
 -9.2230461e-001  3.8646372e-001
 -9.1840484e-001 -1.1058063e-001
 -9.1819628e-001 -3.9612574e-001
 -9.1555520e-001  1.8605732e-001
 -9.0183164e-001  1.1334924e-001
 -9.0098981e-001 -2.5499339e-001
 -8.9277378e-001 -1.8073158e-001
 -8.8680755e-001  4.6213890e-001
 -8.8623378e-001  2.5968659e-001
 -8.8232709e-001 -4.7063669e-001
 -8.6680915e-001 -3.2805230e-001
 -8.6620477e-001 -3.2133124e-002
 -8.4939117e-001  3.2442008e-001
 -8.4785006e-001  3.9304883e-001
 -8.4647019e-001  5.3243611e-001
 -8.4256621e-001  4.4167299e-002
 -8.4039464e-001 -5.4197495e-001
 -8.4038194e-001  1.8296868e-001
 -8.3836531e-001 -1.0777052e-001
 -8.3408355e-001 -3.9931779e-001
 -8.2797175e-001 -2.4848853e-001
 -8.0811581e-001  1.1298568e-001
 -8.0618340e-001  4.6167798e-001
 -8.0155735e-001 -1.7653304e-001
 -8.0086044e-001  2.5432400e-001
 -7.9885192e-001  6.0152773e-001
 -7.9678576e-001 -4.6842815e-001
 -7.9261851e-001 -6.0971789e-001
 -7.9126314e-001 -3.1054655e-002
 -7.8828854e-001 -3.2291447e-001
 -7.7380577e-001  3.8890015e-001
 -7.6825056e-001  5.3275466e-001
 -7.5801119e-001  4.2503697e-002
 -7.5691536e-001  1.8267876e-001
 -7.5687300e-001  3.2079512e-001
 -7.5478669e-001 -1.0453709e-001
 -7.5461850e-001 -5.3474965e-001
 -7.5307353e-001  6.5793637e-001
 -7.5096012e-001 -3.9513504e-001
 -7.4856877e-001 -2.4772381e-001
 -7.3899641e-001 -6.7370936e-001
 -7.2809064e-001  4.6904749e-001
 -7.1843129e-001  1.1228613e-001
 -7.1412308e-001 -1.7540661e-001
 -7.1314730e-001  2.5291747e-001
 -7.1074497e-001 -3.0835710e-002
 -7.1014788e-001 -4.6477845e-001
 -7.0898486e-001  5.6597207e-001
 -7.0825965e-001 -5.9823599e-001
 -7.0696497e-001 -3.2119778e-001
 -6.9924996e-001  7.1487726e-001
 -6.9806991e-001  3.9682593e-001
 -6.7701722e-001 -7.3596718e-001
 -6.7258704e-001  4.1316047e-002
 -6.7230649e-001  6.3056337e-001
 -6.7130090e-001  1.8242627e-001
 -6.7047470e-001 -1.0368206e-001
 -6.6999686e-001  3.2560035e-001
 -6.6666527e-001 -2.4755005e-001
 -6.6658864e-001 -3.9299045e-001
 -6.6535029e-001 -5.3271228e-001
 -6.6083627e-001 -6.6386949e-001
 -6.6053236e-001  4.8406124e-001
 -6.3969626e-001  7.6862780e-001
 -6.3095816e-001  1.1176342e-001
 -6.2845058e-001 -1.7547087e-001
 -6.2801488e-001  2.5511788e-001
 -6.2775084e-001 -3.1270777e-002
 -6.2620085e-001  5.5422309e-001
 -6.2407091e-001 -3.2039765e-001
 -6.2374385e-001 -4.6336185e-001
 -6.2263879e-001  4.0467051e-001
 -6.2003406e-001  6.8679842e-001
 -6.1967483e-001 -6.0383909e-001
 -6.1877622e-001 -7.8556731e-001
 -5.9164277e-001 -6.9375203e-001
 -5.8725572e-001  4.0437225e-002
 -5.8654067e-001  1.8358402e-001
 -5.8644535e-001  3.2978238e-001
 -5.8603441e-001 -1.0380504e-001
 -5.8346043e-001 -2.4784210e-001
 -5.8193619e-001 -3.9244876e-001
 -5.8178932e-001  6.1798382e-001
 -5.8069487e-001  4.7726273e-001
 -5.8003966e-001 -5.3571191e-001
 -5.7174291e-001  8.2043284e-001
 -5.6613483e-001  7.4496857e-001
 -5.5219492e-001 -8.3371504e-001
 -5.4531756e-001  1.1201162e-001
 -5.4431585e-001  2.5697863e-001
 -5.4383363e-001 -6.1706832e-001
 -5.4380581e-001 -3.1837653e-002
 -5.4356326e-001 -1.7597910e-001
 -5.4194914e-001 -7.5071669e-001
 -5.4063847e-001  4.0208563e-001
 -5.4048734e-001 -3.2061245e-001
 -5.3987380e-001  5.4661350e-001
 -5.3935775e-001 -4.6538029e-001
 -5.3015342e-001  6.8221978e-001
 -5.0804121e-001  8.6133277e-001
 -5.0251856e-001  4.0133018e-002
 -5.0243562e-001  1.8449047e-001
 -5.0165510e-001 -1.0426059e-001
 -5.0159874e-001  3.2903679e-001
 -5.0109355e-001 -6.8285285e-001
 -4.9985022e-001 -5.4239603e-001
 -4.9978141e-001 -2.4856460e-001
 -4.9824389e-001 -3.9387524e-001
 -4.9727233e-001  4.7392349e-001
 -4.9502675e-001  7.6860899e-001
 -4.9364880e-001  6.1485874e-001
 -4.8263260e-001 -8.0332955e-001
 -4.7676105e-001 -8.7903293e-001
 -4.6067402e-001  1.1226267e-001
 -4.5989328e-001  2.5671965e-001
 -4.5975014e-001 -3.2219454e-002
 -4.5916117e-001 -1.7670210e-001
 -4.5762260e-001 -6.1260992e-001
 -4.5740255e-001 -4.6888187e-001
 -4.5712583e-001 -3.2183248e-001
 -4.5698150e-001  4.0111708e-001
 -4.5399350e-001  5.4518756e-001
 -4.5251813e-001  6.9449173e-001
 -4.4804903e-001 -7.4431302e-001
 -4.4242188e-001  8.2421660e-001
 -4.3248707e-001  9.0164013e-001
 -4.1824148e-001  3.9977942e-002
 -4.1812410e-001  1.8442320e-001
 -4.1753100e-001 -1.0475325e-001
 -4.1696152e-001  3.2885046e-001
 -4.1622700e-001 -2.4965360e-001
 -4.1558212e-001 -3.9593938e-001
 -4.1534345e-001 -5.4088914e-001
 -4.1336457e-001  4.7367043e-001
 -4.1221213e-001  6.2153053e-001
 -4.1083023e-001 -6.8039158e-001
 -4.0857097e-001 -8.3060537e-001
 -4.0532228e-001  7.6160423e-001
 -4.0304442e-001 -9.1518042e-001
 -3.7631861e-001  1.1214011e-001
 -3.7583087e-001 -3.2541489e-002
 -3.7557610e-001  2.5671764e-001
 -3.7523564e-001 -1.7750041e-001
 -3.7413137e-001 -3.2323429e-001
 -3.7358701e-001 -4.6872675e-001
 -3.7322953e-001  4.0151845e-001
 -3.7167080e-001  5.4862649e-001
 -3.7120855e-001 -6.1183186e-001
 -3.6948477e-001 -7.6198119e-001
 -3.6776034e-001  8.4746147e-001
 -3.6721086e-001  6.9370622e-001
 -3.5889784e-001  9.3337685e-001
 -3.3524350e-001 -8.4770449e-001
 -3.3418484e-001  3.9735623e-002
 -3.3398347e-001  1.8445735e-001
 -3.3371422e-001 -1.0525137e-001
 -3.3291158e-001 -2.5066177e-001
 -3.3285198e-001  3.2933276e-001
 -3.3210869e-001 -3.9632131e-001
 -3.3179832e-001 -9.4335035e-001
 -3.3084012e-001  4.7572883e-001
 -3.3067941e-001 -5.4111573e-001
 -3.3003374e-001 -6.8940582e-001
 -3.2872768e-001  6.2215708e-001
 -3.2788777e-001  7.7601360e-001
 -2.9459299e-001  8.6088667e-001
 -2.9227113e-001  1.1209183e-001
 -2.9206671e-001 -3.2877962e-002
 -2.9193609e-001 -7.6820454e-001
 -2.9165505e-001 -1.7816874e-001
 -2.9163090e-001  2.5707066e-001
 -2.9078638e-001 -3.2377190e-001
 -2.9023147e-001  4.0289776e-001
 -2.8977149e-001 -4.6931264e-001
 -2.8918727e-001 -6.1667776e-001
 -2.8873629e-001  5.4959334e-001
 -2.8834984e-001  7.0042049e-001
 -2.8788440e-001  9.5766517e-001
 -2.7580727e-001 -8.9510683e-001
 -2.5142897e-001  7.7847899e-001
 -2.5037118e-001  3.9577215e-002
 -2.5015133e-001  1.8466849e-001
 -2.5011820e-001 -1.0566849e-001
 -2.4952675e-001 -2.5116088e-001
 -2.4941670e-001  3.3022017e-001
 -2.4917362e-001 -6.9264262e-001
 -2.4869091e-001 -3.9694760e-001
 -2.4812736e-001 -5.4384626e-001
 -2.4808111e-001  4.7664406e-001
 -2.4796629e-001  6.2551082e-001
 -2.4748886e-001 -9.6889074e-001
 -2.4362834e-001 -8.2959727e-001
 -2.3507375e-001  9.0597039e-001
 -2.0852584e-001  1.1215718e-001
 -2.0849988e-001  7.0093601e-001
 -2.0847441e-001 -3.3107676e-002
 -2.0817892e-001 -1.7854059e-001
 -2.0812175e-001  2.5759892e-001
 -2.0751327e-001 -3.2430336e-001
 -2.0726365e-001  4.0364548e-001
 -2.0715056e-001 -6.1860099e-001
 -2.0699622e-001 -4.7090753e-001
 -2.0697459e-001  5.5133726e-001
 -2.0426945e-001 -7.6110733e-001
 -2.0414079e-001  8.3885848e-001
 -2.0387227e-001  9.7899750e-001
 -1.9567334e-001 -9.0570632e-001
 -1.6677867e-001  3.9528046e-002
 -1.6664094e-001 -1.0589818e-001
 -1.6662833e-001  1.8496101e-001
 -1.6646462e-001  6.2562581e-001
 -1.6624063e-001 -2.5155629e-001
 -1.6618854e-001  3.3074990e-001
 -1.6579844e-001 -3.9788434e-001
 -1.6577212e-001  4.7760885e-001
 -1.6564857e-001 -9.8618485e-001
 -1.6564291e-001 -5.4503735e-001
 -1.6465204e-001  7.6872007e-001
 -1.6405443e-001 -6.9023176e-001
 -1.6003395e-001 -8.3602248e-001
 -1.5516417e-001  9.1301248e-001
 -1.2502540e-001  1.1228472e-001
 -1.2501258e-001 -3.3207865e-002
 -1.2483090e-001 -1.7879850e-001
 -1.2479690e-001  2.5794349e-001
 -1.2475305e-001  5.5133867e-001
 -1.2451519e-001  4.0421983e-001
 -1.2450975e-001 -3.2484862e-001
 -1.2431531e-001 -4.7160213e-001
 -1.2397943e-001  6.9658453e-001
 -1.2342164e-001 -6.1794404e-001
 -1.2260659e-001  9.9245535e-001
 -1.2106784e-001 -7.6505009e-001
 -1.2047242e-001  8.4187003e-001
 -1.1790889e-001 -9.1667993e-001
 -8.3347988e-002  3.9548733e-002
 -8.3277476e-002 -1.0603607e-001
 -8.3263977e-002  1.8516459e-001
 -8.3156795e-002  4.7760973e-001
 -8.3121816e-002  3.3112128e-001
 -8.3112175e-002 -9.9654020e-001
 -8.3109713e-002 -2.5187594e-001
 -8.2971793e-002 -3.9825285e-001
 -8.2925320e-002  6.2355518e-001
 -8.2538614e-002 -5.4486453e-001
 -8.1337331e-002 -6.9247790e-001
 -8.1330451e-002  7.6984688e-001
 -7.9736377e-002 -8.4329010e-001
 -7.7767986e-002  9.2070905e-001
 -4.1657862e-002  1.1236565e-001
 -4.1656915e-002 -3.3244078e-002
 -4.1597310e-002 -1.7897341e-001
 -4.1588628e-002  2.5818070e-001
 -4.1586762e-002  4.0430958e-001
 -4.1562691e-002  5.5029556e-001
 -4.1530818e-002 -3.2505521e-001
 -4.1393354e-002 -4.7148832e-001
 -4.1044728e-002  6.9671314e-001
 -4.0949692e-002  9.9916121e-001
 -4.0942745e-002 -6.1892373e-001
 -4.0206263e-002 -7.6894990e-001
 -3.9990021e-002  8.4609421e-001
 -3.9424222e-002 -9.2255545e-001
 -7.7262642e-010  9.2347051e-001
 -1.3304132e-010  7.7127409e-001
 -1.0494735e-010  4.7723234e-001
 -9.6388642e-011  3.3125496e-001
 -9.4702018e-011  6.2327453e-001
 -7.3037884e-011  1.8525261e-001
 -4.9224626e-011  3.9559490e-002
 -2.9798201e-011 -1.0609048e-001
 -1.5435703e-011 -2.5199543e-001
 -3.5812148e-012 -3.9819629e-001
  2.6014772e-011 -5.4505776e-001
  1.4458082e-010 -6.9390161e-001
  4.9438220e-010 -8.4595417e-001
  1.7656716e-009 -1.0000000e+000
  3.9424225e-002 -9.2255545e-001
  3.9990021e-002  8.4609421e-001
  4.0206263e-002 -7.6894990e-001
  4.0942745e-002 -6.1892373e-001
  4.0949688e-002  9.9916121e-001
  4.1044728e-002  6.9671314e-001
  4.1393354e-002 -4.7148832e-001
  4.1530818e-002 -3.2505521e-001
  4.1562691e-002  5.5029556e-001
  4.1586762e-002  4.0430958e-001
  4.1588628e-002  2.5818070e-001
  4.1597310e-002 -1.7897341e-001
  4.1656915e-002 -3.3244078e-002
  4.1657862e-002  1.1236565e-001
  7.7767985e-002  9.2070905e-001
  7.9736378e-002 -8.4329010e-001
  8.1330451e-002  7.6984688e-001
  8.1337332e-002 -6.9247790e-001
  8.2538614e-002 -5.4486453e-001
  8.2925320e-002  6.2355518e-001
  8.2971793e-002 -3.9825285e-001
  8.3109713e-002 -2.5187594e-001
  8.3112178e-002 -9.9654020e-001
  8.3121816e-002  3.3112128e-001
  8.3156795e-002  4.7760973e-001
  8.3263977e-002  1.8516459e-001
  8.3277476e-002 -1.0603607e-001
  8.3347987e-002  3.9548733e-002
  1.1790889e-001 -9.1667993e-001
  1.2047241e-001  8.4187003e-001
  1.2106784e-001 -7.6505009e-001
  1.2260658e-001  9.9245535e-001
  1.2342164e-001 -6.1794404e-001
  1.2397943e-001  6.9658453e-001
  1.2431531e-001 -4.7160213e-001
  1.2450975e-001 -3.2484862e-001
  1.2451519e-001  4.0421983e-001
  1.2475305e-001  5.5133867e-001
  1.2479690e-001  2.5794349e-001
  1.2483090e-001 -1.7879850e-001
  1.2501258e-001 -3.3207865e-002
  1.2502540e-001  1.1228472e-001
  1.5516416e-001  9.1301248e-001
  1.6003395e-001 -8.3602248e-001
  1.6405443e-001 -6.9023176e-001
  1.6465204e-001  7.6872007e-001
  1.6564291e-001 -5.4503735e-001
  1.6564858e-001 -9.8618485e-001
  1.6577212e-001  4.7760885e-001
  1.6579844e-001 -3.9788434e-001
  1.6618854e-001  3.3074990e-001
  1.6624063e-001 -2.5155629e-001
  1.6646462e-001  6.2562581e-001
  1.6662833e-001  1.8496101e-001
  1.6664094e-001 -1.0589818e-001
  1.6677867e-001  3.9528046e-002
  1.9567335e-001 -9.0570632e-001
  2.0387226e-001  9.7899750e-001
  2.0414079e-001  8.3885848e-001
  2.0426945e-001 -7.6110733e-001
  2.0697459e-001  5.5133726e-001
  2.0699622e-001 -4.7090753e-001
  2.0715056e-001 -6.1860099e-001
  2.0726365e-001  4.0364548e-001
  2.0751327e-001 -3.2430336e-001
  2.0812175e-001  2.5759892e-001
  2.0817892e-001 -1.7854059e-001
  2.0847441e-001 -3.3107677e-002
  2.0849988e-001  7.0093601e-001
  2.0852584e-001  1.1215718e-001
  2.3507375e-001  9.0597039e-001
  2.4362834e-001 -8.2959727e-001
  2.4748886e-001 -9.6889074e-001
  2.4796629e-001  6.2551082e-001
  2.4808111e-001  4.7664406e-001
  2.4812736e-001 -5.4384626e-001
  2.4869091e-001 -3.9694760e-001
  2.4917362e-001 -6.9264262e-001
  2.4941670e-001  3.3022017e-001
  2.4952675e-001 -2.5116088e-001
  2.5011820e-001 -1.0566849e-001
  2.5015133e-001  1.8466849e-001
  2.5037118e-001  3.9577215e-002
  2.5142897e-001  7.7847899e-001
  2.7580728e-001 -8.9510683e-001
  2.8788439e-001  9.5766517e-001
  2.8834984e-001  7.0042049e-001
  2.8873629e-001  5.4959334e-001
  2.8918727e-001 -6.1667776e-001
  2.8977149e-001 -4.6931264e-001
  2.9023147e-001  4.0289776e-001
  2.9078638e-001 -3.2377190e-001
  2.9163090e-001  2.5707066e-001
  2.9165505e-001 -1.7816874e-001
  2.9193609e-001 -7.6820454e-001
  2.9206671e-001 -3.2877962e-002
  2.9227113e-001  1.1209183e-001
  2.9459299e-001  8.6088667e-001
  3.2788777e-001  7.7601360e-001
  3.2872768e-001  6.2215708e-001
  3.3003374e-001 -6.8940582e-001
  3.3067941e-001 -5.4111573e-001
  3.3084012e-001  4.7572883e-001
  3.3179832e-001 -9.4335035e-001
  3.3210869e-001 -3.9632131e-001
  3.3285198e-001  3.2933276e-001
  3.3291158e-001 -2.5066177e-001
  3.3371422e-001 -1.0525137e-001
  3.3398347e-001  1.8445735e-001
  3.3418484e-001  3.9735623e-002
  3.3524350e-001 -8.4770449e-001
  3.5889783e-001  9.3337685e-001
  3.6721086e-001  6.9370622e-001
  3.6776034e-001  8.4746147e-001
  3.6948477e-001 -7.6198118e-001
  3.7120855e-001 -6.1183186e-001
  3.7167080e-001  5.4862649e-001
  3.7322953e-001  4.0151845e-001
  3.7358701e-001 -4.6872675e-001
  3.7413137e-001 -3.2323429e-001
  3.7523564e-001 -1.7750041e-001
  3.7557610e-001  2.5671764e-001
  3.7583087e-001 -3.2541489e-002
  3.7631861e-001  1.1214011e-001
  4.0304442e-001 -9.1518042e-001
  4.0532228e-001  7.6160423e-001
  4.0857097e-001 -8.3060537e-001
  4.1083023e-001 -6.8039158e-001
  4.1221213e-001  6.2153053e-001
  4.1336457e-001  4.7367043e-001
  4.1534345e-001 -5.4088914e-001
  4.1558212e-001 -3.9593938e-001
  4.1622700e-001 -2.4965360e-001
  4.1696152e-001  3.2885046e-001
  4.1753100e-001 -1.0475325e-001
  4.1812410e-001  1.8442320e-001
  4.1824148e-001  3.9977942e-002
  4.3248707e-001  9.0164013e-001
  4.4242188e-001  8.2421660e-001
  4.4804903e-001 -7.4431302e-001
  4.5251813e-001  6.9449173e-001
  4.5399350e-001  5.4518756e-001
  4.5698150e-001  4.0111708e-001
  4.5712583e-001 -3.2183248e-001
  4.5740255e-001 -4.6888187e-001
  4.5762260e-001 -6.1260992e-001
  4.5916117e-001 -1.7670210e-001
  4.5975014e-001 -3.2219454e-002
  4.5989328e-001  2.5671965e-001
  4.6067402e-001  1.1226267e-001
  4.7676106e-001 -8.7903293e-001
  4.8263260e-001 -8.0332955e-001
  4.9364880e-001  6.1485874e-001
  4.9502675e-001  7.6860899e-001
  4.9727233e-001  4.7392349e-001
  4.9824389e-001 -3.9387524e-001
  4.9978141e-001 -2.4856460e-001
  4.9985022e-001 -5.4239603e-001
  5.0109356e-001 -6.8285285e-001
  5.0159874e-001  3.2903679e-001
  5.0165510e-001 -1.0426059e-001
  5.0243562e-001  1.8449046e-001
  5.0251856e-001  4.0133018e-002
  5.0804120e-001  8.6133277e-001
  5.3015342e-001  6.8221978e-001
  5.3935775e-001 -4.6538029e-001
  5.3987379e-001  5.4661350e-001
  5.4048734e-001 -3.2061245e-001
  5.4063847e-001  4.0208563e-001
  5.4194914e-001 -7.5071669e-001
  5.4356326e-001 -1.7597910e-001
  5.4380581e-001 -3.1837653e-002
  5.4383363e-001 -6.1706832e-001
  5.4431585e-001  2.5697863e-001
  5.4531756e-001  1.1201162e-001
  5.5219492e-001 -8.3371504e-001
  5.6613483e-001  7.4496857e-001
  5.7174291e-001  8.2043284e-001
  5.8003966e-001 -5.3571191e-001
  5.8069487e-001  4.7726273e-001
  5.8178932e-001  6.1798382e-001
  5.8193619e-001 -3.9244876e-001
  5.8346043e-001 -2.4784210e-001
  5.8603441e-001 -1.0380504e-001
  5.8644535e-001  3.2978238e-001
  5.8654067e-001  1.8358402e-001
  5.8725572e-001  4.0437225e-002
  5.9164277e-001 -6.9375203e-001
  6.1877622e-001 -7.8556731e-001
  6.1967483e-001 -6.0383909e-001
  6.2003406e-001  6.8679842e-001
  6.2263879e-001  4.0467051e-001
  6.2374385e-001 -4.6336185e-001
  6.2407091e-001 -3.2039765e-001
  6.2620085e-001  5.5422309e-001
  6.2775084e-001 -3.1270776e-002
  6.2801488e-001  2.5511788e-001
  6.2845058e-001 -1.7547087e-001
  6.3095816e-001  1.1176342e-001
  6.3969626e-001  7.6862780e-001
  6.6053236e-001  4.8406124e-001
  6.6083627e-001 -6.6386949e-001
  6.6535029e-001 -5.3271227e-001
  6.6658864e-001 -3.9299045e-001
  6.6666527e-001 -2.4755005e-001
  6.6999686e-001  3.2560035e-001
  6.7047470e-001 -1.0368206e-001
  6.7130090e-001  1.8242627e-001
  6.7230649e-001  6.3056337e-001
  6.7258704e-001  4.1316047e-002
  6.7701722e-001 -7.3596718e-001
  6.9806991e-001  3.9682593e-001
  6.9924996e-001  7.1487726e-001
  7.0696497e-001 -3.2119778e-001
  7.0825965e-001 -5.9823598e-001
  7.0898486e-001  5.6597207e-001
  7.1014788e-001 -4.6477845e-001
  7.1074497e-001 -3.0835710e-002
  7.1314730e-001  2.5291747e-001
  7.1412308e-001 -1.7540661e-001
  7.1843129e-001  1.1228613e-001
  7.2809063e-001  4.6904749e-001
  7.3899641e-001 -6.7370936e-001
  7.4856877e-001 -2.4772381e-001
  7.5096012e-001 -3.9513504e-001
  7.5307353e-001  6.5793637e-001
  7.5461850e-001 -5.3474965e-001
  7.5478669e-001 -1.0453709e-001
  7.5687300e-001  3.2079512e-001
  7.5691536e-001  1.8267876e-001
  7.5801119e-001  4.2503698e-002
  7.6825056e-001  5.3275466e-001
  7.7380577e-001  3.8890015e-001
  7.8828854e-001 -3.2291447e-001
  7.9126314e-001 -3.1054654e-002
  7.9261851e-001 -6.0971789e-001
  7.9678576e-001 -4.6842815e-001
  7.9885192e-001  6.0152773e-001
  8.0086044e-001  2.5432400e-001
  8.0155735e-001 -1.7653304e-001
  8.0618340e-001  4.6167798e-001
  8.0811581e-001  1.1298568e-001
  8.2797175e-001 -2.4848853e-001
  8.3408355e-001 -3.9931779e-001
  8.3836531e-001 -1.0777052e-001
  8.4038194e-001  1.8296868e-001
  8.4039464e-001 -5.4197495e-001
  8.4256621e-001  4.4167299e-002
  8.4647019e-001  5.3243611e-001
  8.4785006e-001  3.9304883e-001
  8.4939117e-001  3.2442008e-001
  8.6620477e-001 -3.2133124e-002
  8.6680915e-001 -3.2805230e-001
  8.8232710e-001 -4.7063669e-001
  8.8623378e-001  2.5968659e-001
  8.8680755e-001  4.6213890e-001
  8.9277378e-001 -1.8073158e-001
  9.0098981e-001 -2.5499339e-001
  9.0183164e-001  1.1334924e-001
  9.1555520e-001  1.8605732e-001
  9.1819628e-001 -3.9612573e-001
  9.1840484e-001 -1.1058063e-001
  9.2230461e-001  3.8646372e-001
  9.2352521e-001  4.2831789e-002
  9.3526111e-001 -3.4215628e-002
  9.4790242e-001 -3.1856082e-001
  9.4808107e-001  3.1802875e-001
  9.7025340e-001  2.4209159e-001
  9.7204932e-001 -2.3477676e-001
  9.8700528e-001 -1.6068785e-001
  9.8722614e-001  1.5932530e-001
  9.9629958e-001  8.5948492e-002
  9.9676791e-001 -8.0335106e-002
  9.9998305e-001  5.8220193e-003
