1344 3
 -3.3581017e-001 -8.5770290e-001 -1.5800963e-001
 -2.5043746e-001 -8.5381650e-001 -1.7743704e-001
 -1.1457803e-001 -9.0087732e-001 -1.6666223e-001
 -2.5252397e-002 -8.8995300e-001 -1.7748883e-001
  5.2605917e-002 -8.3850932e-001 -1.9526837e-001
  1.3880479e-001 -8.7899869e-001 -1.7716831e-001
  2.1822962e-001 -9.1178119e-001 -1.4361694e-001
  2.9563491e-001 -8.6012771e-001 -1.6608353e-001
 -5.0989573e-001 -7.6260480e-001 -1.6064835e-001
 -4.2720312e-001 -7.9942594e-001 -1.6762104e-001
 -3.3122554e-001 -7.7821879e-001 -1.9385718e-001
 -2.3259605e-001 -7.6690201e-001 -1.9965384e-001
 -1.5090469e-001 -8.2922791e-001 -1.9460491e-001
 -5.2850973e-002 -8.0880745e-001 -1.9930215e-001
  3.4102428e-002 -7.5369716e-001 -1.9491544e-001
  1.3649986e-001 -7.8579794e-001 -1.9975953e-001
  2.2168511e-001 -8.2152182e-001 -1.9268325e-001
  2.3035626e-001 -7.3192935e-001 -1.9733428e-001
  3.2346316e-001 -7.7681049e-001 -1.9500898e-001
  4.2995050e-001 -7.9258059e-001 -1.7106277e-001
 -5.9679707e-001 -7.0896174e-001 -1.5284777e-001
 -5.0889464e-001 -6.8993549e-001 -1.9087735e-001
 -4.1316570e-001 -7.1410269e-001 -1.9793076e-001
 -3.1177610e-001 -6.9619961e-001 -1.9658563e-001
 -2.2070099e-001 -6.7521151e-001 -1.7974308e-001
 -1.3596900e-001 -6.5373999e-001 -1.5174580e-001
 -1.3394086e-001 -7.3973088e-001 -1.9430750e-001
 -4.9782285e-002 -7.0893693e-001 -1.7970415e-001
  4.5903855e-002 -6.7168920e-001 -1.5624948e-001
  1.3028058e-001 -7.0052048e-001 -1.8069825e-001
  2.1772234e-001 -6.4179839e-001 -1.5983494e-001
  3.1509968e-001 -6.7810063e-001 -1.9330969e-001
  4.0221062e-001 -7.1107979e-001 -1.9875279e-001
  5.0612867e-001 -7.3280332e-001 -1.7716471e-001
  5.8944439e-001 -6.6794232e-001 -1.7684183e-001
 -6.7012710e-001 -6.3719208e-001 -1.5439308e-001
 -5.8014251e-001 -6.2804110e-001 -1.9146978e-001
 -4.6713399e-001 -6.1912945e-001 -1.9846100e-001
 -3.8518832e-001 -6.2158658e-001 -1.8826922e-001
 -3.0416510e-001 -6.0647878e-001 -1.6031248e-001
  2.9963037e-001 -5.9210799e-001 -1.4850891e-001
  3.9878609e-001 -6.1645836e-001 -1.8932320e-001
  4.8618726e-001 -6.5009319e-001 -1.9924077e-001
  5.6006740e-001 -5.8624289e-001 -1.9923256e-001
  6.5531660e-001 -6.1300408e-001 -1.7331334e-001
 -7.2759921e-001 -5.5823144e-001 -1.6036630e-001
 -6.4655705e-001 -5.5326674e-001 -1.9233535e-001
 -5.3914257e-001 -5.4783271e-001 -1.9751118e-001
 -4.5248187e-001 -5.2996019e-001 -1.7210842e-001
  3.8588050e-001 -5.3729009e-001 -1.4589030e-001
  4.7786064e-001 -5.5505169e-001 -1.8867229e-001
  5.5660928e-001 -4.8259551e-001 -1.9011910e-001
  6.3337429e-001 -5.2574827e-001 -1.9812607e-001
  7.3502734e-001 -5.5457770e-001 -1.5737722e-001
 -7.7516106e-001 -4.7915389e-001 -1.6442032e-001
 -6.8908879e-001 -4.6127250e-001 -1.9714783e-001
 -5.9865988e-001 -4.7684355e-001 -1.9702278e-001
 -5.2033594e-001 -4.5276693e-001 -1.6800478e-001
  4.7200947e-001 -4.7682420e-001 -1.5471645e-001
  6.3150275e-001 -4.1671109e-001 -1.9538013e-001
  7.0471254e-001 -4.7868442e-001 -1.9246868e-001
  7.9353547e-001 -4.7933990e-001 -1.5261017e-001
 -8.1959856e-001 -3.9228717e-001 -1.6618306e-001
 -7.2561914e-001 -3.8705298e-001 -1.9831508e-001
 -6.1497211e-001 -3.8965730e-001 -1.8710523e-001
  5.3949665e-001 -3.9303469e-001 -1.5120318e-001
  6.7761725e-001 -3.2776445e-001 -1.9452719e-001
  7.3481718e-001 -3.9935690e-001 -1.9578345e-001
  8.2294088e-001 -3.9962991e-001 -1.6245524e-001
 -8.7041736e-001 -3.0611479e-001 -1.5643279e-001
 -7.8444961e-001 -3.0859493e-001 -1.9462283e-001
 -6.8137113e-001 -3.1208687e-001 -1.9375347e-001
 -5.9529249e-001 -3.0326518e-001 -1.5197128e-001
  6.0113259e-001 -3.2713789e-001 -1.6460842e-001
  7.7473841e-001 -3.1626075e-001 -1.9602680e-001
  8.6402453e-001 -3.0862078e-001 -1.6010889e-001
 -8.4114773e-001 -2.2096046e-001 -1.8655272e-001
 -7.4703394e-001 -2.2516494e-001 -1.9896032e-001
 -6.5654277e-001 -2.2786086e-001 -1.7136768e-001
  6.1784431e-001 -2.4162217e-001 -1.4762875e-001
  7.1505694e-001 -2.4327323e-001 -1.9510033e-001
  8.2639816e-001 -2.3171396e-001 -1.9035906e-001
 -9.0264398e-001 -1.4317761e-001 -1.6275069e-001
 -8.1634616e-001 -1.3630974e-001 -1.9748374e-001
 -7.1771074e-001 -1.4143100e-001 -1.8837672e-001
  6.7441344e-001 -1.7185071e-001 -1.7184834e-001
  7.6810474e-001 -1.5784051e-001 -1.9918667e-001
  8.7443340e-001 -1.4265490e-001 -1.7912220e-001
 -8.7960164e-001 -5.7001010e-002 -1.8157892e-001
 -7.7835821e-001 -5.9056409e-002 -1.9887253e-001
 -6.9194647e-001 -5.1036536e-002 -1.7086160e-001
  7.1751537e-001 -7.4820383e-002 -1.8449364e-001
  8.1463592e-001 -8.3170202e-002 -1.9858264e-001
  9.0891714e-001 -5.2095152e-002 -1.6537011e-001
 -8.4158731e-001  2.4396135e-002 -1.9498670e-001
 -7.4718571e-001  3.0781215e-002 -1.9333467e-001
 -6.5915515e-001  4.2019403e-002 -1.4543560e-001
  7.4900384e-001  4.5863431e-003 -1.9358151e-001
  8.3963524e-001  4.3231659e-003 -1.9539150e-001
  8.9924602e-001  5.5503904e-002 -1.7164625e-001
 -8.8861124e-001  1.0610870e-001 -1.7484348e-001
 -7.9727194e-001  1.1476636e-001 -1.9949436e-001
 -7.0264737e-001  1.1495461e-001 -1.8014867e-001
  7.1057627e-001  7.7785462e-002 -1.8149364e-001
  8.0441830e-001  9.6294819e-002 -1.9938664e-001
  8.9026495e-001  1.3238751e-001 -1.7186729e-001
 -8.4678076e-001  1.9503550e-001 -1.8655770e-001
 -7.4756346e-001  1.9364843e-001 -1.9804596e-001
 -6.5743933e-001  2.0957624e-001 -1.6796924e-001
  6.7135890e-001  1.5450314e-001 -1.6711017e-001
  7.5178625e-001  1.6944343e-001 -1.9784428e-001
  8.3219809e-001  2.0192346e-001 -1.9112553e-001
 -8.8898110e-001  2.6486733e-001 -1.5238801e-001
 -7.9809249e-001  2.7417227e-001 -1.9448456e-001
 -6.9209239e-001  2.8217493e-001 -1.9324046e-001
  6.8157393e-001  2.4812051e-001 -1.8606996e-001
  7.7172065e-001  2.7041673e-001 -1.9882982e-001
  8.6131899e-001  2.9010603e-001 -1.6601300e-001
 -8.3207291e-001  3.4894892e-001 -1.7039373e-001
 -7.3621621e-001  3.4793957e-001 -1.9906469e-001
 -6.0192701e-001  3.0525066e-001 -1.5767974e-001
  6.4051796e-001  3.2901728e-001 -1.8399715e-001
  7.1572640e-001  3.5336647e-001 -1.9968901e-001
  8.0219357e-001  3.6304555e-001 -1.8210289e-001
 -8.3655361e-001  4.3677357e-001 -1.3705895e-001
 -7.5761044e-001  4.2401620e-001 -1.8693712e-001
 -6.4635613e-001  3.8809699e-001 -1.9479442e-001
 -5.5018508e-001  3.8964428e-001 -1.5734176e-001
  5.5419783e-001  3.8800377e-001 -1.5886813e-001
  6.3373121e-001  4.2647493e-001 -1.9676703e-001
  7.2650022e-001  4.4102068e-001 -1.9305326e-001
 -7.6857432e-001  5.0721729e-001 -1.5739683e-001
 -6.7626180e-001  4.8369672e-001 -1.9666727e-001
 -5.7064466e-001  4.6766878e-001 -1.9049382e-001
 -4.7868360e-001  4.6962861e-001 -1.5387412e-001
  4.8606422e-001  4.7411890e-001 -1.6105884e-001
  5.6453980e-001  4.9556376e-001 -1.9416302e-001
  6.5473586e-001  5.1849638e-001 -1.9610647e-001
  7.5082748e-001  5.1605150e-001 -1.6484657e-001
 -6.9161224e-001  5.6977101e-001 -1.7373366e-001
 -5.9431554e-001  5.5790769e-001 -1.9903437e-001
 -5.0105943e-001  5.4820388e-001 -1.9194125e-001
 -4.2123768e-001  6.2156518e-001 -1.9408869e-001
 -4.0423078e-001  5.3952943e-001 -1.5716814e-001
  4.1576216e-001  5.5459374e-001 -1.7023297e-001
  4.9952949e-001  5.7499297e-001 -1.9637096e-001
  5.8790445e-001  5.9062829e-001 -1.9636630e-001
  6.8136273e-001  5.9669416e-001 -1.6847127e-001
 -6.9079252e-001  6.5989637e-001 -1.2327167e-001
 -6.1541735e-001  6.3946900e-001 -1.7839872e-001
 -5.1234612e-001  6.3478367e-001 -1.9890015e-001
 -3.3923398e-001  6.8699029e-001 -1.9715090e-001
 -3.2155972e-001  6.0485046e-001 -1.6518607e-001
 -2.3609683e-001  6.6135156e-001 -1.7548445e-001
  1.9257503e-001  6.6889613e-001 -1.7188876e-001
  2.6354883e-001  6.0769291e-001 -1.4715264e-001
  3.4961358e-001  6.2582334e-001 -1.8256916e-001
  4.3588851e-001  6.5155963e-001 -1.9917453e-001
  5.3136146e-001  6.6657615e-001 -1.9182369e-001
  6.1879345e-001  6.7322070e-001 -1.6265712e-001
 -5.3879180e-001  7.1389093e-001 -1.7535429e-001
 -4.9029053e-001  7.7460734e-001 -1.6040446e-001
 -4.3002566e-001  7.1536002e-001 -1.9639525e-001
 -3.3311024e-001  7.7663527e-001 -1.9406780e-001
 -2.4882220e-001  7.4535260e-001 -1.9928948e-001
 -1.4966897e-001  7.1061177e-001 -1.8642788e-001
 -6.8380166e-002  6.7002928e-001 -1.5632426e-001
  2.2789189e-002  7.0368089e-001 -1.7631424e-001
  1.1313078e-001  7.3358970e-001 -1.9181356e-001
  1.9779218e-001  7.6103888e-001 -1.9933088e-001
  2.7762855e-001  6.9511743e-001 -1.9350929e-001
  3.6907515e-001  7.2473095e-001 -1.9911805e-001
  4.7063370e-001  7.4126691e-001 -1.8283773e-001
  5.5430970e-001  7.4931560e-001 -1.4820393e-001
 -4.0105812e-001  8.1213298e-001 -1.6847673e-001
 -3.0508429e-001  8.7340467e-001 -1.5447032e-001
 -2.3638330e-001  8.3593500e-001 -1.8695473e-001
 -1.5594416e-001  8.0031364e-001 -1.9887224e-001
 -6.0124206e-002  7.5662709e-001 -1.9587224e-001
  2.7142018e-002  7.9322166e-001 -1.9963780e-001
  1.1761124e-001  8.2801868e-001 -1.9594715e-001
  2.1923286e-001  8.5003343e-001 -1.8299570e-001
  2.9522923e-001  7.8935280e-001 -1.9468421e-001
  3.9427305e-001  8.0949035e-001 -1.7143339e-001
 -1.4534589e-001  8.8874632e-001 -1.7170572e-001
 -6.2021581e-002  8.4983467e-001 -1.9211255e-001
  3.7307945e-002  8.8440024e-001 -1.7954288e-001
  1.3723312e-001  9.1008559e-001 -1.5791947e-001
 -1.9744903e-001 -9.2323815e-001 -1.3656984e-001
 -1.2808720e-001 -9.6989188e-001 -8.7484069e-002
 -4.4142193e-002 -9.5855147e-001 -1.1760444e-001
  5.1272541e-002 -9.2870131e-001 -1.4986481e-001
  1.3787789e-001 -9.5484665e-001 -1.1102074e-001
  2.2496273e-001 -9.6155419e-001 -6.4969246e-002
  3.1314068e-001 -9.1971878e-001 -9.8978318e-002
 -4.8710943e-001 -8.3799598e-001 -1.0300183e-001
 -4.0073712e-001 -8.7726475e-001 -1.1115752e-001
 -2.9665539e-001 -9.2109245e-001 -1.0477960e-001
 -2.5816829e-001 -8.7053524e-001 -7.4252387e-002
 -1.8324882e-001 -8.2870587e-001 -1.1580816e-001
 -9.1540830e-002 -8.6835866e-001 -9.4280729e-002
 -3.2280069e-003 -8.9899103e-001 -6.6169386e-002
  9.0449305e-002 -8.6539593e-001 -1.0293295e-001
  1.7278775e-001 -8.2423135e-001 -1.0267573e-001
  2.5947738e-001 -8.6408409e-001 -6.5134770e-002
  3.7887831e-001 -8.5541331e-001 -1.4501449e-001
  4.5425973e-001 -8.6265616e-001 -9.3028157e-002
 -5.7776647e-001 -7.8431473e-001 -9.5203937e-002
 -4.7338739e-001 -7.6446997e-001 -7.0050740e-002
 -3.8079204e-001 -7.4559428e-001 -2.7114681e-002
 -3.8155225e-001 -7.7403886e-001 -1.0919693e-001
 -2.7995121e-001 -7.7296370e-001 -1.1299096e-001
 -1.7875992e-001 -7.4568450e-001 -1.2156278e-001
 -8.3395705e-002 -7.8428960e-001 -1.1744269e-001
  3.8654007e-003 -8.1737922e-001 -1.1001013e-001
  8.7177860e-002 -7.6760656e-001 -1.1425745e-001
  1.8005256e-001 -7.2884189e-001 -1.1403980e-001
  2.6316459e-001 -7.8404390e-001 -1.0843171e-001
  3.5551182e-001 -8.2313676e-001 -7.5125394e-002
  4.4791019e-001 -7.7380364e-001 -7.2573311e-002
  5.2109300e-001 -8.0211701e-001 -1.2137031e-001
  6.0596096e-001 -7.8038044e-001 -6.1655833e-002
 -6.5907870e-001 -7.2125076e-001 -8.9705097e-002
 -5.4017806e-001 -6.8838021e-001 -8.1906983e-002
 -4.4422377e-001 -6.8656764e-001 -1.1000897e-001
 -3.5107567e-001 -6.8997759e-001 -1.1270877e-001
 -2.5963594e-001 -6.8665747e-001 -1.0595837e-001
 -1.8240334e-001 -6.9046085e-001 -5.9251306e-002
 -1.3224224e-001 -7.8205508e-001 -4.1605693e-002
 -9.1846848e-002 -6.9768522e-001 -7.6741450e-002
 -2.6377038e-003 -7.2728647e-001 -9.4742843e-002
  9.0662196e-002 -6.8355692e-001 -6.0838542e-002
  1.9175556e-001 -6.5381018e-001 -5.6428341e-002
  2.7894257e-001 -6.9154951e-001 -1.1441886e-001
  3.5625147e-001 -7.4533064e-001 -1.1153523e-001
  4.3868622e-001 -6.9479188e-001 -1.1759185e-001
  5.2199317e-001 -7.2432641e-001 -6.6601103e-002
  5.9422074e-001 -7.3791411e-001 -1.3285297e-001
  6.6901776e-001 -6.9792270e-001 -1.0712670e-001
 -7.3196341e-001 -6.4332916e-001 -9.4260672e-002
 -6.2230438e-001 -6.3207486e-001 -8.7457458e-002
 -5.1667970e-001 -6.0943633e-001 -1.2235692e-001
 -4.7747578e-001 -6.0935607e-001 -5.0352042e-002
 -4.0346652e-001 -5.9812808e-001 -1.0413928e-001
 -3.0407935e-001 -6.1599128e-001 -6.0785041e-002
 -2.1589947e-001 -5.9843593e-001 -1.1758466e-001
 -1.3488768e-001 -5.9771010e-001 -7.4793701e-002
 -4.4594643e-002 -6.3637015e-001 -1.2079273e-001
  3.6397169e-002 -6.1450566e-001 -8.3678236e-002
  1.1968899e-001 -5.8876050e-001 -3.6231325e-002
  1.3253241e-001 -6.2651623e-001 -1.2387354e-001
  2.1693642e-001 -5.7417335e-001 -8.0711869e-002
  2.8897055e-001 -6.1834156e-001 -5.4526139e-002
  3.7154658e-001 -6.3802160e-001 -1.1292691e-001
  4.6808822e-001 -6.0032900e-001 -1.0314836e-001
  5.3757280e-001 -6.5201914e-001 -1.1274289e-001
  6.3394711e-001 -6.2362596e-001 -8.3659262e-002
  7.4730889e-001 -6.5486944e-001 -4.3159036e-002
 -7.9529029e-001 -5.5765740e-001 -9.9670536e-002
 -6.9974152e-001 -5.5922481e-001 -7.3984016e-002
 -6.1870561e-001 -5.2592021e-001 -4.6604042e-002
 -6.0581919e-001 -5.5136388e-001 -1.2400312e-001
 -5.2399398e-001 -5.2337599e-001 -9.6783390e-002
 -3.7922995e-001 -5.2695323e-001 -1.3417203e-001
 -3.0129177e-001 -5.4205308e-001 -9.3101182e-002
  3.1229871e-001 -5.2836928e-001 -7.8409092e-002
  3.9324636e-001 -5.8007167e-001 -4.2039172e-002
  4.6812682e-001 -5.2249285e-001 -8.4580385e-002
  5.6401557e-001 -5.5820326e-001 -1.1800199e-001
  6.6238611e-001 -5.3607908e-001 -1.0873819e-001
  7.3144724e-001 -6.2462785e-001 -1.1511853e-001
  8.0315778e-001 -5.6484419e-001 -7.9525513e-002
 -8.4760770e-001 -4.6767594e-001 -1.0566175e-001
 -7.6846561e-001 -4.7642472e-001 -6.0689042e-002
 -6.8054165e-001 -4.7786225e-001 -1.2203989e-001
 -5.9823298e-001 -4.4631739e-001 -1.0243370e-001
 -5.2472612e-001 -4.4353076e-001 -5.3793400e-002
 -4.4757327e-001 -4.4552124e-001 -1.1180707e-001
  3.9013205e-001 -4.7380007e-001 -7.8315942e-002
  4.6441262e-001 -4.1585800e-001 -9.8769049e-002
  5.5759066e-001 -4.7176742e-001 -9.2121104e-002
  6.3259474e-001 -4.5698638e-001 -1.1540506e-001
  7.3949296e-001 -4.8738425e-001 -8.8713295e-002
  8.5088054e-001 -4.8021101e-001 -8.9755082e-002
 -8.8957949e-001 -3.8398606e-001 -1.0425465e-001
 -7.5326296e-001 -4.0571227e-001 -1.0719357e-001
 -6.6478090e-001 -3.7602669e-001 -1.0852048e-001
 -5.8391766e-001 -3.5797442e-001 -5.8163978e-002
 -5.2893227e-001 -3.7311604e-001 -1.3196764e-001
  4.8833857e-001 -3.5478601e-001 -5.0681728e-002
  6.3842424e-001 -3.6948655e-001 -9.9729245e-002
  6.8482608e-001 -4.4528573e-001 -4.1184984e-002
  7.2313021e-001 -3.9732164e-001 -1.2262485e-001
  7.9402794e-001 -4.1397628e-001 -5.3478477e-002
  8.8527394e-001 -3.9099219e-001 -1.0640758e-001
 -9.3294703e-001 -3.0303692e-001 -7.9961445e-002
 -8.0022333e-001 -3.2888896e-001 -9.0055305e-002
 -7.1699760e-001 -3.0451259e-001 -1.2076405e-001
 -6.3898810e-001 -2.7487012e-001 -7.1907881e-002
 -5.4197247e-001 -2.8339485e-001 -7.5064898e-002
  5.4736249e-001 -3.0149909e-001 -1.0143150e-001
  7.2201031e-001 -3.4042930e-001 -4.5056313e-002
  6.9597198e-001 -2.9375715e-001 -1.1275964e-001
  7.9451183e-001 -3.2581217e-001 -1.0014406e-001
  9.2473413e-001 -3.1289479e-001 -9.1077516e-002
 -9.1840191e-001 -2.3026715e-001 -1.3305223e-001
 -8.7279442e-001 -1.9562082e-001 -8.1308424e-002
 -7.9212172e-001 -2.4552612e-001 -1.0803838e-001
 -7.0212726e-001 -2.0173390e-001 -1.0100409e-001
 -5.9343222e-001 -2.0471937e-001 -1.0542664e-001
  5.6626547e-001 -2.1773324e-001 -6.0248874e-002
  6.7696083e-001 -2.0835471e-001 -6.9977841e-002
  7.6207759e-001 -2.3306118e-001 -1.2969349e-001
  8.5130651e-001 -2.4793610e-001 -7.8290092e-002
  9.1145668e-001 -2.2318078e-001 -1.4243421e-001
 -9.6661182e-001 -1.4697484e-001 -8.8881489e-002
 -8.6270252e-001 -1.0365902e-001 -8.5475344e-002
 -7.8553953e-001 -1.5194168e-001 -1.1928671e-001
 -7.0225374e-001 -9.8333346e-002 -9.1217012e-002
 -6.3967148e-001 -1.3321721e-001 -1.3878517e-001
  6.0615683e-001 -1.5105144e-001 -1.0040077e-001
  7.3161906e-001 -1.4127966e-001 -1.0588221e-001
  8.2494556e-001 -1.6193225e-001 -1.1586204e-001
  9.4784452e-001 -1.4074978e-001 -1.1973311e-001
 -9.5342704e-001 -6.3588596e-002 -1.2308030e-001
 -9.2342438e-001 -4.4485160e-002 -4.1510030e-002
 -7.9673049e-001 -4.7669405e-002 -1.2623703e-001
 -7.7613523e-001 -8.2198694e-002 -4.4923238e-002
 -6.2552677e-001 -3.6503193e-002 -1.0343702e-001
  6.4796375e-001 -8.7689029e-002 -1.3882385e-001
  7.1925410e-001 -4.9405858e-002 -7.9969688e-002
  7.9915576e-001 -5.3318815e-002 -1.2204533e-001
  8.7641139e-001 -8.8701070e-002 -8.6028218e-002
  9.7608302e-001 -5.6275749e-002 -8.8641671e-002
 -9.3149236e-001  2.4808634e-002 -1.4842117e-001
 -8.6511916e-001  3.7473376e-004 -9.2934413e-002
 -7.9544844e-001  2.6081090e-002 -4.0764485e-002
 -7.3349817e-001 -1.9943767e-003 -1.0717659e-001
 -6.0839731e-001  5.9656364e-002 -7.0631958e-002
  6.5455896e-001  4.8762460e-003 -1.3958544e-001
  7.2457916e-001  2.9892079e-002 -9.0656796e-002
  8.1221350e-001 -2.2635194e-002 -3.9329132e-002
  8.8487404e-001  6.2335112e-003 -7.8317085e-002
  9.5499471e-001  2.4827553e-002 -1.2311873e-001
 -9.6650347e-001  9.8814899e-002 -9.9386201e-002
 -8.7904879e-001  9.1942638e-002 -8.4640520e-002
 -7.9375284e-001  7.8977361e-002 -1.1920044e-001
 -7.1255948e-001  8.5961171e-002 -7.2807170e-002
 -6.2760013e-001  1.3704608e-001 -1.2515224e-001
  6.3013193e-001  8.8935163e-002 -1.1711027e-001
  7.4192341e-001  1.2120694e-001 -8.8585847e-002
  8.1008341e-001  5.2495133e-002 -1.1261179e-001
  8.9811812e-001  1.0038121e-001 -6.6490806e-002
  9.5886873e-001  1.2109337e-001 -1.0717822e-001
 -9.3041270e-001  1.7892192e-001 -1.3282976e-001
 -8.2176512e-001  1.7342955e-001 -1.1419182e-001
 -7.3256261e-001  1.6394701e-001 -9.3605470e-002
 -6.6258810e-001  1.4488761e-001 -2.4280893e-002
 -5.8142610e-001  1.5933433e-001 -4.7383655e-002
  6.1360717e-001  1.9659613e-001 -1.2862477e-001
  7.4519342e-001  2.1268317e-001 -1.1204645e-001
  8.2688930e-001  1.4935211e-001 -1.0953917e-001
  9.1648894e-001  2.1147414e-001 -1.4067833e-001
 -9.4211414e-001  2.7200158e-001 -8.2009841e-002
 -8.3034502e-001  2.7873887e-001 -8.4222844e-002
 -7.5298410e-001  2.4866693e-001 -1.2035633e-001
 -6.6488609e-001  2.2565251e-001 -7.1490650e-002
 -5.8311231e-001  2.3473505e-001 -1.0698186e-001
  5.6188712e-001  2.3730496e-001 -6.8174711e-002
  6.6130506e-001  2.7348051e-001 -8.9067794e-002
  7.3258685e-001  3.1109529e-001 -1.1717446e-001
  8.2321666e-001  2.5208067e-001 -9.6875816e-002
  9.3136095e-001  2.8884742e-001 -9.4288058e-002
 -8.9545385e-001  3.5786255e-001 -1.1137101e-001
 -7.7427386e-001  3.5230553e-001 -1.0337228e-001
 -6.7855922e-001  3.1819819e-001 -1.1713832e-001
 -6.1595871e-001  3.1239814e-001 -4.1504500e-002
 -5.2997800e-001  3.1881160e-001 -8.8940479e-002
  5.8782011e-001  2.9136146e-001 -1.4152674e-001
  6.5083430e-001  3.8335895e-001 -1.1760963e-001
  7.6894176e-001  3.2123935e-001 -3.3623814e-002
  8.2282012e-001  3.4728733e-001 -8.9232486e-002
  8.8973026e-001  3.6588293e-001 -1.1393965e-001
 -8.8256090e-001  4.4578527e-001 -6.0705307e-002
 -7.7847284e-001  4.4320175e-001 -6.5593280e-002
 -7.0414633e-001  4.2011505e-001 -1.2413538e-001
 -6.1273824e-001  3.8877724e-001 -9.4414216e-002
 -5.4671232e-001  3.8816979e-001 -1.3735404e-002
 -4.7691865e-001  3.9620800e-001 -9.2802763e-002
  4.7313962e-001  4.0907316e-001 -1.0129023e-001
  5.7099925e-001  4.6024339e-001 -1.1301619e-001
  6.4616781e-001  4.3932715e-001 -4.9502867e-002
  7.3351396e-001  4.0703643e-001 -1.0288421e-001
  8.2091114e-001  4.3754423e-001 -1.5010024e-001
 -8.2557740e-001  5.2731935e-001 -8.4338775e-002
 -7.2053917e-001  5.1133185e-001 -9.2354357e-002
 -6.2984032e-001  4.8091263e-001 -1.3295794e-001
 -5.5621931e-001  4.5207606e-001 -7.9760926e-002
 -4.7553780e-001  4.8494974e-001 -5.0504243e-002
 -4.0200497e-001  4.6949774e-001 -9.0148767e-002
  4.0609770e-001  4.8207895e-001 -1.1015850e-001
  4.9115885e-001  4.8920012e-001 -5.0285659e-002
  5.8132192e-001  5.2307589e-001 -5.0360537e-002
  6.6074220e-001  4.9467134e-001 -1.1911595e-001
  7.3029390e-001  5.0419652e-001 -6.9801241e-002
  8.2227616e-001  5.1009823e-001 -1.0605551e-001
 -7.9911993e-001  5.9654043e-001 -2.0374957e-002
 -7.5907842e-001  5.9842194e-001 -1.0787048e-001
 -6.4661047e-001  5.7164412e-001 -1.0660032e-001
 -5.5143588e-001  5.3300951e-001 -1.0541006e-001
 -4.7123144e-001  5.7819825e-001 -1.0706936e-001
 -3.8206383e-001  6.3555852e-001 -1.1021677e-001
 -3.2443283e-001  5.3539309e-001 -1.0382550e-001
 -2.3960043e-001  5.8783725e-001 -1.1611221e-001
  2.5082074e-001  5.5364740e-001 -6.0909049e-002
  3.3451509e-001  5.4688018e-001 -1.2477656e-001
  4.1525762e-001  5.5122044e-001 -5.8860780e-002
  4.9900500e-001  5.4714740e-001 -1.1738149e-001
  5.8749221e-001  5.7398543e-001 -1.2145945e-001
  6.6231624e-001  5.8814907e-001 -7.2854008e-002
  7.5175153e-001  5.9533142e-001 -1.1910820e-001
 -7.3208769e-001  6.7213131e-001 -4.1999504e-002
 -6.3011136e-001  6.5510425e-001 -5.4179007e-002
 -5.5898017e-001  6.2749146e-001 -1.1523245e-001
 -4.6903586e-001  6.7075137e-001 -1.1426160e-001
 -4.4044406e-001  7.0838928e-001 -1.9619531e-002
 -3.2908901e-001  6.8385654e-001 -2.6466869e-002
 -2.1747761e-001  6.6915351e-001 -6.4625651e-002
 -1.5647528e-001  6.3055324e-001 -1.3438987e-001
 -8.4015484e-002  6.0763736e-001 -7.8502191e-002
  4.9604967e-003  6.3326484e-001 -1.1425871e-001
  9.9004376e-002  6.5198197e-001 -1.4439485e-001
  1.7342834e-001  6.0388254e-001 -1.0664342e-001
  2.4169115e-001  6.5820673e-001 -7.1243989e-002
  3.3003651e-001  6.8902758e-001 -1.1442123e-001
  4.2162213e-001  6.2886741e-001 -1.0644005e-001
  5.1124579e-001  6.5347355e-001 -1.2415170e-001
  5.8618442e-001  6.6621543e-001 -7.4535251e-002
  6.8871248e-001  6.7834916e-001 -1.0810872e-001
 -6.5256132e-001  7.4130538e-001 -6.3474875e-002
 -6.1302441e-001  7.1988087e-001 -1.3505186e-001
 -4.5810779e-001  7.5356621e-001 -9.5098454e-002
 -3.7574790e-001  7.2657032e-001 -1.0661291e-001
 -2.9061255e-001  6.9163744e-001 -1.1494973e-001
 -2.0623728e-001  7.5198253e-001 -1.2014426e-001
 -1.2506872e-001  7.0526203e-001 -8.1911499e-002
 -3.9971793e-002  6.7412007e-001 -3.8918530e-002
  6.8659011e-003  7.4882040e-001  5.9475861e-003
  5.5463954e-002  6.9806134e-001 -7.1164946e-002
  1.5507370e-001  7.1901423e-001 -9.9763856e-002
  2.4254664e-001  7.4891578e-001 -1.1946779e-001
  2.9413307e-001  7.5065496e-001 -4.9017358e-002
  4.2682665e-001  7.2215726e-001 -1.2017746e-001
  5.0798409e-001  7.4506398e-001 -7.3818746e-002
  6.2008808e-001  7.5188548e-001 -9.4547530e-002
 -5.6072461e-001  7.9357245e-001 -9.8778615e-002
 -4.7171083e-001  8.4641800e-001 -1.0301012e-001
 -3.8519339e-001  8.1365516e-001 -6.8777217e-002
 -3.0179688e-001  7.9291448e-001 -1.1500304e-001
 -2.1471555e-001  8.4995119e-001 -9.0198221e-002
 -1.5746865e-001  7.9573416e-001 -5.0774236e-002
 -1.1101382e-001  7.9211979e-001 -1.2501378e-001
 -2.6689154e-002  7.4352824e-001 -9.7754276e-002
  7.5653384e-002  7.7349955e-001 -1.1489075e-001
  1.6764325e-001  8.1502720e-001 -1.1809827e-001
  2.5246353e-001  8.3979769e-001 -8.6238407e-002
  3.4131848e-001  7.8722943e-001 -1.0677428e-001
  4.7585850e-001  8.2133364e-001 -1.3065408e-001
  5.4726680e-001  8.1899127e-001 -7.1131604e-002
 -3.7653823e-001  8.8426061e-001 -1.1560397e-001
 -2.8403653e-001  9.3692883e-001 -8.5930679e-002
 -2.1287588e-001  9.2347213e-001 -1.3261083e-001
 -1.3467980e-001  9.6424392e-001 -9.5713205e-002
 -1.0162276e-001  8.8176561e-001 -9.1469063e-002
 -1.1657499e-002  8.3374709e-001 -1.2082505e-001
  8.7384466e-002  8.7067693e-001 -9.9805991e-002
  2.2403544e-001  9.2514322e-001 -1.2764559e-001
  3.1121564e-001  8.7167313e-001 -1.5385310e-001
  3.9326664e-001  8.8163544e-001 -1.0962453e-001
 -4.8353589e-002  9.3097785e-001 -1.4812983e-001
  4.1356336e-002  9.5510095e-001 -1.2276541e-001
  1.3515303e-001  9.6765723e-001 -8.9247486e-002
 -3.0049269e-001 -9.5204476e-001 -5.9350219e-003
 -2.2091946e-001 -9.6683942e-001 -5.1034635e-002
 -1.4089560e-001 -9.8831064e-001  5.1296321e-003
 -4.4388278e-002 -9.9509449e-001 -3.1124045e-002
  4.5022123e-002 -9.8188282e-001 -7.5320089e-002
  1.3456439e-001 -9.8727276e-001 -2.3730519e-002
  2.0995001e-001 -9.7397364e-001  2.6804838e-002
  3.0529522e-001 -9.4961902e-001 -1.1069322e-002
  3.8842957e-001 -9.1267907e-001 -4.9320803e-002
 -4.6356558e-001 -8.8096801e-001 -2.9919762e-002
 -3.6901373e-001 -9.2203116e-001 -4.5955387e-002
 -3.2230980e-001 -8.2724933e-001 -5.1028000e-002
 -2.3981408e-001 -8.7433299e-001  1.3597645e-002
 -1.6581483e-001 -8.8618386e-001 -3.8833539e-002
 -8.7249722e-002 -9.1132631e-001 -3.9019345e-003
  3.7687509e-004 -9.0812658e-001  3.0741625e-002
  8.0146416e-002 -9.2216921e-001 -2.2294256e-002
  1.6111157e-001 -8.8756714e-001 -2.8307937e-002
  2.3688423e-001 -8.9407682e-001  2.3763879e-002
  3.2911413e-001 -8.6035853e-001  9.8847055e-003
  4.6083018e-001 -8.8458198e-001  3.6933000e-003
  5.3477689e-001 -8.3956510e-001 -3.6926116e-002
 -6.3306036e-001 -7.7049314e-001 -1.3379736e-002
 -5.4645311e-001 -8.3352626e-001 -2.3976580e-002
 -4.7359696e-001 -7.8270660e-001  2.2637444e-002
 -4.0530153e-001 -8.2898437e-001 -2.1991466e-002
 -2.9222362e-001 -7.7297762e-001  3.0903441e-002
 -2.2368585e-001 -7.8926613e-001 -3.4506109e-002
 -1.3770189e-001 -8.1546003e-001  3.3000804e-002
 -4.1945054e-002 -8.2666934e-001 -1.9454016e-002
  3.6138965e-002 -7.5445925e-001 -1.9099225e-002
  7.1279090e-002 -8.3151783e-001 -2.7394823e-002
  1.4382131e-001 -7.5063374e-001 -3.1756269e-002
  2.1315644e-001 -8.0874696e-001 -1.1165462e-002
  3.0823027e-001 -7.7805804e-001 -1.3457347e-002
  4.2575500e-001 -8.2486645e-001  3.9566580e-003
  5.1060145e-001 -7.5127013e-001  1.2945444e-002
  6.0812084e-001 -7.9043651e-001  2.2081870e-002
 -7.1474567e-001 -6.9505400e-001 -2.1035459e-002
 -6.1428123e-001 -6.8218682e-001 -2.0909619e-003
 -5.4841237e-001 -7.3448266e-001 -7.7930626e-003
 -4.6360089e-001 -6.9282060e-001 -4.1380228e-004
 -3.6897125e-001 -7.0287283e-001  4.5685273e-002
 -2.8848889e-001 -7.0879579e-001 -2.2732574e-002
 -1.9807373e-001 -7.3949480e-001  3.0734594e-002
 -1.1474368e-001 -6.7124819e-001  1.2071754e-002
 -6.3030090e-002 -7.5233219e-001  8.8506142e-003
 -1.1616639e-002 -6.7112379e-001 -1.9790229e-002
  7.3910970e-002 -6.8885217e-001  3.6484579e-002
  1.6132519e-001 -6.6942156e-001  2.3867753e-002
  2.4829034e-001 -7.1441567e-001 -3.4467834e-002
  3.2117604e-001 -7.0691314e-001  4.1987822e-002
  4.0024050e-001 -7.4522886e-001 -7.7535633e-003
  4.5940530e-001 -6.6503925e-001 -3.2953349e-002
  5.9770782e-001 -6.9912164e-001 -2.9167192e-002
  6.8448498e-001 -7.2475284e-001 -2.1360096e-002
 -7.8533663e-001 -6.1429830e-001 -2.4030490e-002
 -6.7813670e-001 -6.1118159e-001 -2.5073849e-003
 -5.7316483e-001 -5.9931351e-001 -2.8619410e-002
 -5.3014822e-001 -6.2992301e-001  3.6996997e-002
 -4.4956137e-001 -6.0064547e-001  2.8274210e-002
 -3.8155288e-001 -6.5127146e-001 -2.5851631e-002
 -2.1693663e-001 -6.4060201e-001 -1.4140321e-002
 -2.2177607e-001 -5.5699394e-001 -3.0631179e-002
 -1.4294685e-001 -5.8059098e-001  1.8856076e-002
 -5.6947425e-002 -5.9769693e-001 -3.5841289e-002
  3.4614283e-002 -5.9668002e-001  9.7575402e-003
  1.0723502e-001 -5.9849902e-001  6.4131893e-002
  1.8780854e-001 -5.6845388e-001  1.9843235e-002
  2.5113042e-001 -6.3760478e-001  3.0382696e-002
  3.3564715e-001 -5.9660188e-001  2.1971783e-002
  3.5329664e-001 -6.8102087e-001 -4.0549670e-002
  4.9483579e-001 -6.1330250e-001  3.5972490e-002
  5.5350932e-001 -6.2149295e-001 -2.9160185e-002
  6.5549168e-001 -6.2989537e-001  5.1480479e-003
  7.4057047e-001 -6.6196864e-001  4.5323607e-002
 -8.4250802e-001 -5.3293273e-001 -2.2950950e-002
 -7.3543901e-001 -5.3410995e-001  1.1332262e-002
 -6.2820084e-001 -5.2585143e-001  3.5618326e-002
 -5.3066272e-001 -5.3023107e-001  7.1938667e-003
 -4.4858789e-001 -5.1960841e-001 -4.8428456e-002
 -3.7080320e-001 -5.6231856e-001 -1.0826296e-002
 -2.9369965e-001 -5.1982559e-001  6.4389654e-004
  2.6680560e-001 -5.3441430e-001  4.4306403e-003
  3.4756439e-001 -4.8707528e-001  8.3104608e-003
  4.3866341e-001 -5.2299703e-001  8.6175637e-003
  5.2500475e-001 -5.4091004e-001 -2.2017345e-002
  5.8537411e-001 -5.5432903e-001  4.5021778e-002
  6.2263426e-001 -5.3552319e-001 -3.4355864e-002
  7.1283246e-001 -5.6354769e-001 -2.9315848e-002
  8.0308357e-001 -5.9265799e-001  1.2797358e-002
 -8.8764613e-001 -4.5222667e-001 -2.6161740e-002
 -7.9033824e-001 -4.5706755e-001  2.0562430e-002
 -6.8295477e-001 -4.5688462e-001 -3.7478477e-002
 -5.9776198e-001 -4.4473315e-001  4.3400839e-003
 -4.9089350e-001 -4.5541398e-001  3.0341687e-002
 -4.2583126e-001 -4.2014493e-001 -2.0072549e-002
 -3.6659943e-001 -4.8046424e-001 -5.4238109e-002
  4.1885609e-001 -4.2569753e-001 -3.0968336e-003
  5.0384203e-001 -4.4739521e-001 -2.4990070e-002
  5.9688656e-001 -4.5541498e-001  2.2096900e-003
  7.2354572e-001 -4.0229687e-001  3.2993038e-002
  7.6958815e-001 -4.9408892e-001  5.3861574e-004
  8.5887749e-001 -5.0860959e-001 -9.0442706e-003
 -9.2829843e-001 -3.6486755e-001 -1.7944409e-002
 -8.3120328e-001 -3.8811789e-001 -2.4396707e-002
 -7.4102608e-001 -3.7386868e-001 -2.6367312e-002
 -6.5464008e-001 -3.6044489e-001 -1.2478523e-002
 -5.5590106e-001 -3.7163054e-001  2.8503325e-002
 -4.8303273e-001 -3.6092404e-001 -4.7805672e-002
  4.7200849e-001 -3.7157817e-001  4.0201289e-002
  5.7406345e-001 -3.8010066e-001 -5.4358610e-002
  6.5126757e-001 -3.6287081e-001  6.3395186e-003
  7.7308312e-001 -3.1678906e-001  2.0189546e-002
  8.2077565e-001 -4.0781447e-001  3.6163264e-002
  9.0426733e-001 -4.1853479e-001 -2.8036808e-002
 -9.5431909e-001 -2.8718223e-001  2.5442054e-002
 -8.6735805e-001 -2.8733519e-001 -4.6857352e-002
 -7.9556630e-001 -2.9298491e-001  7.9394199e-003
 -7.1855612e-001 -2.7025891e-001 -3.3026282e-002
 -6.1959052e-001 -2.8381553e-001  1.9643402e-002
 -5.2174536e-001 -2.9094692e-001  1.2345860e-002
  5.2361191e-001 -2.8960443e-001 -3.4386898e-003
  6.2418399e-001 -2.8668223e-001 -4.3434556e-002
  7.0606312e-001 -2.6622336e-001  1.9345095e-002
  8.4864369e-001 -3.3421563e-001 -2.6415651e-002
  9.4658089e-001 -3.1487381e-001 -1.1049325e-002
 -9.6572500e-001 -2.2930293e-001 -4.8269442e-002
 -8.8534750e-001 -2.2738166e-001  2.0506466e-002
 -8.0690414e-001 -1.9741073e-001 -2.8197947e-002
 -6.4823059e-001 -1.9131385e-001 -6.4159171e-003
 -5.6230997e-001 -2.0371959e-001 -1.9400812e-002
  5.5904297e-001 -2.1897571e-001  3.7818444e-002
  6.4016811e-001 -1.9826125e-001  1.2057715e-002
  7.6546056e-001 -2.3607867e-001 -4.9492224e-002
  8.0800028e-001 -2.1603547e-001  2.1102635e-002
  8.8676889e-001 -2.5185522e-001  9.1249839e-003
  9.6086498e-001 -2.2759998e-001 -6.4889245e-002
 -9.8144212e-001 -1.7988062e-001  1.3282299e-002
 -8.9973668e-001 -1.3737156e-001 -7.0616537e-003
 -8.0263801e-001 -1.4027906e-001  3.5796322e-002
 -7.2657710e-001 -1.6028268e-001 -2.7142624e-002
 -5.9540902e-001 -1.1690435e-001 -5.9127166e-002
  5.8279026e-001 -1.3050836e-001 -1.0181377e-002
  6.7247791e-001 -1.1056678e-001 -3.4887759e-002
  7.3214102e-001 -1.6608015e-001  1.7093124e-002
  7.8962097e-001 -1.2767190e-001 -4.3692179e-002
  8.8640581e-001 -1.6800094e-001 -3.9713488e-002
  9.8642482e-001 -1.3635868e-001 -3.3705809e-002
 -9.9277427e-001 -8.6499763e-002 -2.3998855e-002
 -9.1312891e-001 -5.8848299e-002  5.3851741e-002
 -8.4358965e-001 -4.8102301e-002  6.3641589e-003
 -6.6827445e-001 -8.1919058e-002 -2.9304595e-003
 -5.8942742e-001 -1.1305833e-001  3.3954693e-002
  6.0796056e-001 -4.7089302e-002 -6.9069488e-002
  7.4667147e-001 -6.0653517e-002  1.6049196e-002
  8.2374957e-001 -3.1684528e-003  4.0415223e-002
  9.0740477e-001 -6.6027736e-002 -8.4596820e-003
  9.9757512e-001 -3.9414551e-002  1.0650154e-003
 -9.8683157e-001  1.2244655e-002 -6.6869765e-002
 -8.9885828e-001  3.4696308e-002  1.9867697e-003
 -7.9213246e-001  4.1466098e-002  3.6920273e-002
 -6.9531009e-001 -5.1303394e-003 -3.6099594e-002
 -5.9768535e-001 -1.9342202e-002 -1.7863315e-002
  5.9922224e-001  3.5649096e-002 -3.5091059e-002
  6.7366677e-001 -8.6767135e-003 -1.9620557e-004
  7.5328559e-001  4.5803796e-002 -8.1682931e-004
  9.1460412e-001  3.4268280e-002  8.7334060e-003
  9.9139763e-001  3.9248831e-002 -4.9758242e-002
 -9.9434220e-001  8.2264099e-002 -6.2932434e-003
 -9.1990327e-001  1.1707253e-001 -5.3542071e-003
 -8.2488488e-001  1.1946004e-001 -1.9652915e-002
 -6.8097709e-001  5.4923503e-002  1.6750139e-002
 -5.9218211e-001  8.0617286e-002  1.4532863e-002
  5.8744772e-001  1.3852652e-001 -4.9973018e-002
  6.7238075e-001  8.8629148e-002 -2.7212803e-002
  8.2672999e-001  8.5435974e-002 -1.3711905e-002
  8.9805101e-001  1.3508934e-001  3.0181640e-002
  9.9173457e-001  1.1679367e-001 -7.4409910e-003
 -9.7632301e-001  1.7917831e-001 -4.5313684e-002
 -8.8636416e-001  1.9914114e-001 -5.7172338e-002
 -7.5348808e-001  1.2666635e-001  1.8008777e-002
 -6.6636665e-001  1.5203195e-001  6.3132021e-002
 -5.7777050e-001  1.7144543e-001  4.7999446e-002
  5.6463518e-001  1.9628091e-001  1.5567455e-002
  6.6914218e-001  1.7896217e-001 -5.7599556e-002
  7.5053395e-001  1.4260108e-001  1.5984230e-002
  8.1123917e-001  1.8463805e-001 -2.4184696e-002
  8.9370189e-001  1.9836813e-001 -4.3088757e-002
  9.6971426e-001  1.9291146e-001 -5.9670767e-002
 -9.6476977e-001  2.5591643e-001  6.1830798e-003
 -8.7438241e-001  2.8137626e-001  1.4574227e-003
 -7.9577309e-001  2.0829587e-001 -2.3320826e-002
 -7.2257781e-001  2.1863208e-001  2.4717882e-002
 -6.3322844e-001  2.3848812e-001  1.6388995e-002
 -5.4769244e-001  2.4066093e-001 -1.7457700e-002
  5.2276107e-001  2.8910552e-001 -3.3247463e-003
  6.2925444e-001  2.6182496e-001  7.5098115e-003
  7.2218373e-001  2.4287164e-001 -1.8501610e-002
  8.6149201e-001  2.8643197e-001 -1.3560006e-002
  9.5960994e-001  2.7399044e-001 -1.2002614e-002
 -9.3135390e-001  3.5231440e-001 -2.9166738e-002
 -8.3720930e-001  3.6416446e-001 -3.3493973e-002
 -7.8596936e-001  2.8719957e-001  2.1334300e-002
 -7.2575831e-001  2.8794610e-001 -4.3388453e-002
 -5.9595589e-001  3.2732022e-001  5.7419985e-002
 -5.1168400e-001  3.0822202e-001  4.9791152e-003
  5.1926093e-001  3.3312763e-001 -8.6851300e-002
  5.9596578e-001  3.4127044e-001 -6.0485621e-002
  6.7841095e-001  3.4444648e-001 -2.4327561e-002
  7.3726063e-001  3.3093209e-001  4.5203640e-002
  8.3339552e-001  3.7661309e-001  1.0305642e-002
  9.2936692e-001  3.6303728e-001 -1.6923095e-002
 -9.0031446e-001  4.2794238e-001  2.2545332e-002
 -6.9342512e-001  3.8646633e-001 -4.7870649e-002
 -7.5648803e-001  3.7501898e-001  6.3435185e-003
 -6.2553423e-001  4.0756781e-001  1.0654713e-002
 -4.9777689e-001  4.5882144e-001  3.8013162e-002
 -4.5448654e-001  3.8725670e-001 -9.2144759e-003
  4.0266875e-001  4.4376796e-001 -2.9063077e-002
  4.6723466e-001  3.7342318e-001 -1.5283026e-002
  5.5658381e-001  4.1770557e-001 -3.0937172e-002
  6.4710626e-001  4.2620658e-001  3.5769397e-002
  7.2822653e-001  4.2042515e-001  3.0033025e-003
  8.0021209e-001  4.2937684e-001 -4.9141323e-002
  8.8482815e-001  4.3613765e-001 -6.6524974e-002
 -8.5321203e-001  5.1755087e-001  2.4796554e-003
 -7.5060916e-001  5.0970815e-001 -1.6208897e-003
 -6.5445488e-001  4.8113589e-001 -4.6524103e-002
 -6.4385087e-001  5.1545825e-001  3.7098779e-002
 -5.6628248e-001  4.9146028e-001  2.4287418e-003
 -4.2120338e-001  5.3759181e-001  3.3199610e-002
 -3.9295972e-001  4.5008770e-001 -2.4409410e-003
  3.2620824e-001  5.0526621e-001 -3.9810896e-002
  4.1547536e-001  5.2568062e-001  2.2033670e-002
  5.0934312e-001  5.9818275e-001 -5.1163866e-002
  5.7984184e-001  5.0558733e-001  3.2009863e-002
  6.6437490e-001  5.1634047e-001  2.2093682e-003
  7.7414333e-001  4.9622843e-001  9.3153887e-003
  8.5505888e-001  5.1282480e-001 -1.7741170e-002
 -7.5495899e-001  6.4468252e-001  4.6995706e-002
 -7.0033699e-001  5.8139946e-001 -2.4961102e-002
 -5.9953685e-001  5.7256103e-001 -3.3543710e-002
 -5.6528950e-001  5.8651782e-001  4.2692054e-002
 -4.9790700e-001  5.5801313e-001 -1.6177333e-002
 -3.9711249e-001  5.5060013e-001 -5.1948921e-002
 -3.2269697e-001  5.0356499e-001 -1.4257981e-002
 -2.4677639e-001  5.4623323e-001 -2.8319840e-002
 -1.6542889e-001  5.8051937e-001 -4.7486504e-002
  1.7636956e-001  5.7109026e-001 -1.3991637e-002
  2.5676887e-001  5.4344561e-001  4.0535640e-002
  3.3333663e-001  6.1200700e-001 -7.0505650e-002
  4.1277259e-001  6.2300063e-001 -5.2384007e-003
  5.0008525e-001  5.6313614e-001  2.2477609e-002
  5.8912080e-001  6.0248373e-001  3.2094211e-003
  7.1644584e-001  5.7909645e-001  3.3212487e-003
  8.0311107e-001  5.7967010e-001 -5.5476111e-002
  8.0031320e-001  5.9281369e-001  2.7316629e-002
 -6.8835382e-001  7.2149951e-001  2.0321371e-002
 -6.0089726e-001  6.8609157e-001  1.4614724e-002
 -5.2249904e-001  6.4463175e-001 -3.2421213e-002
 -4.7744891e-001  6.3522928e-001  4.5000141e-002
 -4.1740210e-001  6.2730290e-001 -2.6336677e-002
 -3.0969531e-001  6.0877412e-001 -5.5967905e-002
 -2.4421352e-001  6.3871445e-001  1.2226966e-002
 -1.3616046e-001  6.5816686e-001  6.1238103e-003
 -8.0366494e-002  5.9224018e-001  1.7664391e-002
  4.5928405e-003  5.9807606e-001 -2.0475768e-002
  8.5649636e-002  6.0127949e-001 -6.3151337e-002
  1.4685794e-001  6.5638735e-001 -2.8032998e-002
  2.3637812e-001  6.3835636e-001  2.7794497e-002
  3.1919085e-001  6.7313054e-001 -4.8894539e-003
  4.0585181e-001  6.9782657e-001  4.6174277e-002
  4.8275396e-001  6.8140764e-001 -3.1548251e-002
  4.9794464e-001  6.4637357e-001  4.4907113e-002
  6.5141121e-001  6.5516209e-001 -1.0530300e-003
  7.4653914e-001  6.5537387e-001 -4.2942760e-002
 -6.0793795e-001  7.9203733e-001 -8.4442850e-003
 -5.4362411e-001  7.2338489e-001 -6.1765651e-002
 -4.6979418e-001  7.9200581e-001 -1.2124132e-002
 -3.5915688e-001  7.6557416e-001 -4.2981383e-003
 -2.8056038e-001  7.3381446e-001  4.2707180e-002
 -2.6331459e-001  7.6067505e-001 -4.3590536e-002
 -1.8417447e-001  7.2805609e-001  8.0583644e-003
 -3.9955588e-002  6.8015464e-001  5.7448547e-002
  5.3964758e-002  6.6769196e-001  2.0236795e-002
  1.0557568e-001  7.4231999e-001 -7.9151407e-003
  2.0582285e-001  7.2811399e-001 -2.0393916e-002
  2.6879742e-001  7.3341367e-001  4.8087227e-002
  3.4911582e-001  7.6861171e-001  1.5967478e-002
  3.9738820e-001  7.1480006e-001 -4.4658608e-002
  4.7813896e-001  7.7218317e-001  1.3695447e-002
  5.6864365e-001  7.1542322e-001  2.9220414e-003
  6.7946575e-001  7.2845900e-001 -2.7864180e-002
 -5.3304429e-001  8.4195237e-001 -2.4683652e-002
 -4.4542753e-001  8.9004833e-001 -3.2177976e-002
 -3.8773912e-001  8.3851586e-001  2.5185546e-002
 -3.0285336e-001  8.5260859e-001 -3.8304007e-002
 -2.1516842e-001  8.1390806e-001  1.6659353e-002
 -1.1828263e-001  8.1248042e-001  4.2270359e-002
 -6.2951051e-002  8.2150270e-001 -4.1104578e-002
 -1.6506127e-002  8.2999534e-001  3.3780850e-002
  4.0783931e-002  8.1225629e-001 -4.4386752e-002
  1.4764945e-001  8.1430928e-001 -3.8208262e-002
  2.4561575e-001  8.1586459e-001  3.0364984e-004
  3.2432357e-001  8.5564753e-001 -2.6088032e-002
  4.1615335e-001  8.0443251e-001 -5.8442607e-002
  5.3573446e-001  8.4107324e-001  2.0009006e-002
  6.0936919e-001  7.8996465e-001 -1.2614439e-002
 -3.6637624e-001  9.2360175e-001 -4.2945149e-002
 -2.9091915e-001  9.5448246e-001  7.3673135e-003
 -2.3548764e-001  8.9350250e-001  8.0344152e-003
 -1.5109844e-001  8.9252957e-001 -2.3871928e-002
 -6.9546257e-002  9.1135067e-001  1.3023603e-002
 -5.2516135e-003  9.0360973e-001 -5.0308129e-002
  8.3737490e-002  9.0530900e-001 -2.1975194e-002
  1.8322952e-001  8.9423807e-001 -4.5829466e-002
  3.0831064e-001  9.3099126e-001 -8.1844389e-002
  3.9608585e-001  9.1390054e-001 -2.8091263e-002
  4.7558379e-001  8.7230955e-001 -4.3302727e-002
 -2.0485815e-001  9.7240061e-001 -4.1485755e-002
 -5.3614795e-002  9.8378993e-001 -7.1501398e-002
 -2.3501044e-002  9.9803207e-001  8.8853783e-003
  4.8646410e-002  9.9193127e-001 -4.4503745e-002
  1.3811646e-001  9.8879361e-001  1.6717453e-003
  2.2503400e-001  9.6832511e-001 -4.0149958e-002
 -3.0245537e-001 -9.2963739e-001  8.8401833e-002
 -2.2189603e-001 -9.6706063e-001  4.8467772e-002
 -1.3484795e-001 -9.6102043e-001  1.0112296e-001
 -5.5269689e-002 -9.8678347e-001  6.2894169e-002
  3.6371021e-002 -9.9635023e-001  1.9651026e-002
  1.1573259e-001 -9.8005350e-001  6.6764080e-002
  1.8878382e-001 -9.4728697e-001  1.0882739e-001
  2.9394981e-001 -9.3591467e-001  8.0795360e-002
 -4.7357115e-001 -8.6995884e-001  5.4882340e-002
 -3.9161010e-001 -9.1394475e-001  3.8346695e-002
 -3.2196794e-001 -8.5903962e-001  3.8659508e-002
 -2.3065459e-001 -8.3272134e-001  8.7578281e-002
 -1.5895665e-001 -8.9595302e-001  6.2554349e-002
 -6.9546648e-002 -8.6871912e-001  8.3634955e-002
  1.8567833e-002 -8.5581159e-001  1.1679119e-001
  9.3510294e-002 -8.8918409e-001  5.8671065e-002
  1.7814353e-001 -8.6274813e-001  7.5221220e-002
  2.7511122e-001 -8.2716882e-001  7.9812053e-002
  3.8166022e-001 -9.1409834e-001  5.4966536e-002
  4.4298276e-001 -8.6426433e-001  1.0019286e-001
 -5.5791179e-001 -8.1666026e-001  5.9863982e-002
 -4.5038345e-001 -7.4813587e-001  9.4061161e-002
 -3.8612422e-001 -8.0094229e-001  6.7689108e-002
 -3.0666677e-001 -7.8435615e-001  1.1689627e-001
 -2.1629322e-001 -7.4556914e-001  1.2092183e-001
 -1.4157490e-001 -8.1049578e-001  1.2317520e-001
 -4.8803185e-002 -7.7931584e-001  1.1333532e-001
  1.9245661e-002 -8.0804442e-001  4.9645807e-002
  1.0743547e-001 -8.1549012e-001  1.2140409e-001
  2.0336346e-001 -7.8261756e-001  1.2187942e-001
  2.2310379e-001 -7.4635240e-001  4.3958014e-002
  3.6343968e-001 -8.0009997e-001  7.8230784e-002
  4.5051861e-001 -7.6359757e-001  7.3497538e-002
  5.2463578e-001 -8.3918770e-001  5.8292651e-002
  5.8130339e-001 -7.7697582e-001  1.0278386e-001
 -6.9362851e-001 -7.0549193e-001  5.9832933e-002
 -6.2636809e-001 -7.6033188e-001  7.1544154e-002
 -5.4231417e-001 -7.1015601e-001  7.5604373e-002
 -4.5275221e-001 -6.7174632e-001  1.0497249e-001
 -3.6456862e-001 -7.0871466e-001  1.2875051e-001
 -2.8159772e-001 -6.8577563e-001  8.8425942e-002
 -1.9729917e-001 -6.5979952e-001  6.9569438e-002
 -1.1951954e-001 -7.2226106e-001  9.1578200e-002
 -2.1371845e-002 -7.0114363e-001  6.5968291e-002
  4.8007771e-002 -7.4707563e-001  1.0831917e-001
  1.2359782e-001 -7.8702056e-001  3.9490203e-002
  1.4189981e-001 -7.1551361e-001  1.0133995e-001
  2.3720620e-001 -6.8027125e-001  1.0196034e-001
  2.9971592e-001 -7.4291453e-001  1.2108261e-001
  3.9445005e-001 -7.1293621e-001  1.2015942e-001
  4.9824572e-001 -6.9531970e-001  9.9556410e-002
  5.7305499e-001 -6.8647859e-001  5.1969116e-002
  6.6873607e-001 -7.2737344e-001  6.4318813e-002
 -7.6072485e-001 -6.3419378e-001  5.6407270e-002
 -6.2129957e-001 -6.2838524e-001  7.1303280e-002
 -5.4576608e-001 -6.2981132e-001  1.2405044e-001
 -4.5844536e-001 -5.9405471e-001  1.1997605e-001
 -3.6875347e-001 -6.1498696e-001  8.1977547e-002
 -2.9510119e-001 -6.1880861e-001  3.2988793e-002
 -2.2500212e-001 -5.6780938e-001  7.1998935e-002
 -1.3521765e-001 -6.1387305e-001  1.0701130e-001
 -5.3961457e-002 -6.0364814e-001  5.7132416e-002
  2.1323388e-002 -6.2643056e-001  1.0375799e-001
  9.1019244e-002 -6.5375869e-001  1.4482938e-001
  1.7766714e-001 -6.0984378e-001  1.1605051e-001
  2.5862767e-001 -5.6794970e-001  9.8824495e-002
  3.3690418e-001 -6.3986512e-001  1.0205680e-001
  4.1415141e-001 -6.6354615e-001  3.9322628e-002
  4.4474324e-001 -6.2477447e-001  1.2372680e-001
  5.5249819e-001 -6.1260230e-001  1.1922609e-001
  6.3811541e-001 -6.2252564e-001  8.1894268e-002
  7.6593731e-001 -5.8905230e-001  1.0764184e-001
 -8.2070173e-001 -5.5287739e-001  5.8707142e-002
 -6.9073977e-001 -5.5790008e-001  8.3847698e-002
 -5.9799109e-001 -5.4680859e-001  1.2144392e-001
 -5.1742169e-001 -5.3711348e-001  9.4011506e-002
 -4.2937049e-001 -5.2495026e-001  5.4009670e-002
 -3.8273511e-001 -4.6414530e-001  4.3730003e-002
 -3.1745735e-001 -5.2473447e-001  7.7181771e-002
  3.3500428e-001 -5.1920658e-001  8.8710240e-002
  4.0728446e-001 -5.6587765e-001  6.7622982e-002
  5.0088748e-001 -5.3918657e-001  9.7932975e-002
  6.2958349e-001 -5.3302320e-001  1.2386232e-001
  6.6813190e-001 -4.8652120e-001  4.2169911e-002
  7.0935665e-001 -5.5786578e-001  6.4968735e-002
  8.2473861e-001 -5.2931464e-001  8.3053583e-002
 -8.7256250e-001 -4.6614142e-001  5.9712885e-002
 -7.4712725e-001 -4.7523358e-001  9.7848169e-002
 -6.9418661e-001 -4.3537613e-001  4.1822439e-002
 -6.5268174e-001 -4.6818096e-001  1.1862349e-001
 -5.6105764e-001 -4.5786122e-001  9.0676335e-002
 -4.5163272e-001 -4.5215663e-001  1.2145423e-001
  4.1707531e-001 -4.5795437e-001  9.0045648e-002
  5.0739300e-001 -4.7095011e-001  5.3981877e-002
  5.7917446e-001 -4.6778770e-001  1.0206864e-001
  6.8290448e-001 -4.3778568e-001  1.2328093e-001
  7.5782576e-001 -4.7108211e-001  8.8300165e-002
  8.7491445e-001 -4.5680852e-001  6.4999713e-002
 -9.1208722e-001 -3.8518205e-001  5.6477921e-002
 -7.9183521e-001 -3.8421733e-001  7.3218461e-002
 -7.1143664e-001 -3.8256667e-001  1.2575597e-001
 -6.2170047e-001 -3.8019115e-001  8.5890151e-002
 -4.7450861e-001 -3.7440726e-001  5.6102381e-002
  4.9217531e-001 -4.0074702e-001  1.1611745e-001
  5.5785263e-001 -3.7815394e-001  3.8038170e-002
  6.2709149e-001 -3.9100343e-001  9.1484743e-002
  6.9120514e-001 -3.2493082e-001  1.0338105e-001
  7.6733127e-001 -3.7037957e-001  1.1039225e-001
  9.2014679e-001 -3.7357730e-001  4.5654151e-002
 -9.2013946e-001 -2.9384478e-001  1.0863823e-001
 -8.5360519e-001 -3.2070680e-001  5.4804829e-002
 -7.6308712e-001 -2.8932265e-001  1.1657424e-001
 -7.1418962e-001 -3.2739348e-001  4.8001558e-002
 -6.5651205e-001 -2.9902411e-001  9.8558769e-002
 -5.4888266e-001 -3.0128534e-001  1.0254222e-001
  5.3773767e-001 -3.0746448e-001  9.2146349e-002
  6.1854611e-001 -2.9093454e-001  5.5225865e-002
  7.6572390e-001 -2.6853070e-001  1.1183174e-001
  8.4072033e-001 -3.0939058e-001  7.3113672e-002
  9.3532633e-001 -2.8876456e-001  8.5245330e-002
 -9.5340840e-001 -2.0479791e-001  9.2876988e-002
 -8.3333588e-001 -2.3581457e-001  8.9732814e-002
 -7.4243555e-001 -2.2434143e-001  4.2036413e-002
 -6.8226718e-001 -2.1981795e-001  8.9211911e-002
 -5.7021481e-001 -2.1694196e-001  6.8359464e-002
  5.9994773e-001 -2.2269122e-001  1.2327658e-001
  6.8498033e-001 -2.1223261e-001  9.4997550e-002
  7.7005503e-001 -1.7774131e-001  1.0948168e-001
  8.5284675e-001 -2.1165305e-001  9.7226129e-002
  9.7253721e-001 -2.1745508e-001  2.4837687e-002
 -9.3003869e-001 -1.1341356e-001  1.4343059e-001
 -8.7740064e-001 -1.5099528e-001  8.3767186e-002
 -7.7571209e-001 -1.7862504e-001  1.2177717e-001
 -6.9587387e-001 -1.3079533e-001  6.2953675e-002
 -6.0911150e-001 -1.5664560e-001  1.0724538e-001
  6.0099934e-001 -1.4025511e-001  8.7312543e-002
  7.4274922e-001 -9.9663495e-002  1.0792044e-001
  8.3970907e-001 -1.1176323e-001  1.1567825e-001
  8.9968592e-001 -1.5013247e-001  4.1119526e-002
  9.8329403e-001 -1.2163725e-001  5.4011036e-002
 -9.8035289e-001 -1.0717383e-001  6.7819554e-002
 -8.3254881e-001 -7.9147177e-002  1.0818016e-001
 -7.4472166e-001 -9.3718914e-002  1.1605253e-001
 -7.5982374e-001 -5.0022271e-002  3.1166870e-002
 -6.3471355e-001 -7.3071986e-002  1.2132418e-001
  5.9722652e-001 -5.1858565e-002  2.9386422e-002
  6.7230772e-001 -1.0683120e-001  5.7967096e-002
  8.2129239e-001 -1.0949066e-001  3.3052654e-002
  8.9662220e-001 -4.3383819e-002  7.3971720e-002
  9.7377959e-001 -3.9133542e-002  9.3655392e-002
 -9.9604936e-001 -7.1399898e-003  3.0815105e-002
 -8.6910178e-001  1.5719050e-002  9.2864019e-002
 -7.8125635e-001 -4.2991218e-004  1.2117845e-001
 -6.9862487e-001 -1.7425108e-002  7.1633546e-002
 -6.0745360e-001 -9.8642400e-003  6.2577625e-002
  6.1240105e-001  2.2409920e-002  7.5984047e-002
  7.1968222e-001 -7.9660434e-003  8.7410227e-002
  8.0646856e-001 -2.0790268e-002  1.2124650e-001
  8.7110958e-001  6.1977785e-002  8.9349931e-002
  9.9002328e-001  4.1926891e-002  5.3658722e-002
 -9.7671155e-001  7.4095587e-002  8.5869979e-002
 -8.7837508e-001  1.0602249e-001  7.3770764e-002
 -8.0519060e-001  9.7886205e-002  1.1784236e-001
 -7.2225221e-001  7.7551778e-002  9.8033701e-002
 -6.1734223e-001  8.6255481e-002  9.8836394e-002
  5.9220943e-001  1.0284971e-001  3.8698663e-002
  6.9086079e-001  7.8343959e-002  6.6891333e-002
  7.7859321e-001  7.3225492e-002  1.0358196e-001
  8.2908384e-001  1.5226987e-001  9.4496414e-002
  9.6796064e-001  1.1510481e-001  9.4333208e-002
 -9.7719481e-001  1.6603114e-001  5.1704069e-002
 -8.8424137e-001  1.9387335e-001  3.6702807e-002
 -8.1428443e-001  1.8285624e-001  8.6414499e-002
 -7.3379831e-001  1.7698875e-001  1.1449551e-001
 -6.1793436e-001  1.9045372e-001  1.3111966e-001
  5.9671480e-001  1.8911205e-001  1.0199581e-001
  6.6168918e-001  1.7105239e-001  3.5974896e-002
  7.3270232e-001  1.6110688e-001  1.0709630e-001
  8.7462552e-001  2.2550686e-001  5.6390252e-002
  9.7463722e-001  1.9851952e-001  3.8300689e-002
 -9.4042766e-001  2.4973510e-001  9.6873807e-002
 -8.4555907e-001  2.6684119e-001  9.1659809e-002
 -7.6040580e-001  2.6439991e-001  1.1416386e-001
 -6.7101950e-001  2.6609854e-001  1.0096289e-001
 -5.5824969e-001  2.6273492e-001  8.6977818e-002
  5.5354886e-001  2.6871081e-001  8.1480009e-002
  6.9040791e-001  2.4601257e-001  8.8296619e-002
  7.8933185e-001  2.3952008e-001  1.2231941e-001
  7.8038697e-001  2.3856867e-001  4.0053950e-002
  9.4228510e-001  2.9237454e-001  6.8031719e-002
 -9.3021805e-001  3.3622760e-001  5.9944388e-002
 -8.2562308e-001  3.5787660e-001  6.7858429e-002
 -7.4534272e-001  3.4687728e-001  1.0913710e-001
 -6.8677225e-001  3.2397666e-001  3.3571662e-002
 -4.9726981e-001  3.5950074e-001  7.8491143e-002
  4.9385013e-001  3.5458439e-001  6.5291569e-002
  5.8712756e-001  3.5007818e-001  3.1501554e-002
  6.4959564e-001  3.2832423e-001  8.4189417e-002
  7.4231828e-001  3.2892418e-001  1.2573823e-001
  8.3132778e-001  3.1604565e-001  7.8117813e-002
  9.0824048e-001  3.6866986e-001  8.2874402e-002
 -8.7976102e-001  4.1144333e-001  9.9366622e-002
 -8.0780143e-001  4.4544066e-001  2.5093588e-002
 -7.5079579e-001  4.3867384e-001  1.0144501e-001
 -6.5997572e-001  3.7781910e-001  1.1410538e-001
 -5.7832069e-001  4.2504632e-001  8.3595642e-002
 -4.2823544e-001  4.3985542e-001  8.0556028e-002
  4.8646094e-001  4.2744741e-001  1.3248148e-001
  5.5391280e-001  4.2481122e-001  7.1755966e-002
  6.2629681e-001  4.1263583e-001  1.1952110e-001
  7.1219985e-001  4.1587896e-001  1.0971150e-001
  7.9194405e-001  4.1715496e-001  7.5800344e-002
  8.9031551e-001  4.4692886e-001  2.9078234e-002
 -8.4027957e-001  4.9049464e-001  9.6972738e-002
 -6.9966766e-001  4.3675809e-001  3.8077830e-002
 -6.5817425e-001  4.7443803e-001  1.2118417e-001
 -5.6737713e-001  5.0770623e-001  1.0833042e-001
 -4.8561084e-001  5.3292054e-001  8.7044369e-002
 -3.4964631e-001  5.0262153e-001  7.5942093e-002
  3.4680948e-001  4.9283666e-001  4.8898544e-002
  4.2588620e-001  4.3247328e-001  6.3190510e-002
  4.9307859e-001  4.5933520e-001  2.6939579e-002
  5.6575371e-001  5.0431958e-001  1.2223969e-001
  6.5136645e-001  5.0443334e-001  1.0868528e-001
  7.2708728e-001  5.0532000e-001  7.8315813e-002
  8.3499318e-001  5.1977905e-001  7.4608319e-002
 -8.0419168e-001  5.6623943e-001  7.5146016e-002
 -7.2067914e-001  5.3861947e-001  7.5324368e-002
 -6.2672898e-001  5.7794320e-001  1.1397236e-001
 -5.1840140e-001  6.0174830e-001  1.2705781e-001
 -4.1050765e-001  6.0753814e-001  1.0176813e-001
 -3.4066047e-001  5.9410210e-001  2.9703816e-002
 -3.1825496e-001  5.6613639e-001  1.3421869e-001
 -2.6274184e-001  5.4882175e-001  6.4572431e-002
  1.7303784e-001  5.9049080e-001  8.2383241e-002
  2.5025623e-001  5.9563270e-001  1.2977630e-001
  3.2743785e-001  5.8453725e-001  1.8964972e-002
  4.0790738e-001  5.9458448e-001  8.4933229e-002
  4.8454223e-001  5.2573169e-001  9.4088319e-002
  5.7483406e-001  5.8435088e-001  1.0228010e-001
  6.5994395e-001  5.9160845e-001  7.7949742e-002
  7.6395502e-001  5.9865823e-001  1.0155098e-001
 -6.8205956e-001  6.8692226e-001  1.0588288e-001
 -6.6292423e-001  6.2046621e-001  4.1489077e-002
 -5.7384383e-001  6.6414237e-001  9.0763861e-002
 -4.7509478e-001  6.9192009e-001  1.1003430e-001
 -3.7777717e-001  7.0133419e-001  1.3056873e-001
 -3.0630714e-001  6.5078941e-001  9.0850015e-002
 -2.0836711e-001  6.7373201e-001  8.7168764e-002
 -1.7910655e-001  5.7565558e-001  4.6422618e-002
 -1.2021287e-001  6.1275781e-001  9.9636861e-002
 -1.7159501e-003  6.1228427e-001  7.7600731e-002
  9.3294468e-002  5.9243664e-001  3.3652786e-002
  1.4713915e-001  6.8490719e-001  6.1395542e-002
  2.2663854e-001  7.0220793e-001  1.0913116e-001
  3.2097930e-001  6.5075518e-001  9.2081973e-002
  4.1851908e-001  6.7660528e-001  1.2521063e-001
  4.9810237e-001  6.1865424e-001  1.2265375e-001
  5.8743460e-001  6.6938322e-001  8.1611954e-002
  6.8281524e-001  6.7164161e-001  1.2018171e-001
  7.3297838e-001  6.6955341e-001  4.5541910e-002
 -6.1875376e-001  7.6533218e-001  7.3466905e-002
 -5.2681797e-001  7.3263502e-001  3.6001289e-002
 -4.4467721e-001  7.6751601e-001  7.2903524e-002
 -3.8420371e-001  6.8868103e-001  4.9158479e-002
 -2.8003542e-001  7.5092725e-001  1.2385356e-001
 -1.9299280e-001  7.6061483e-001  1.0576584e-001
 -1.1744934e-001  7.1866482e-001  9.0179510e-002
 -8.3774465e-002  7.4550440e-001 -3.9999824e-006
  5.3842879e-002  7.3011035e-001  9.1375140e-002
  1.3653845e-001  7.6118734e-001  1.2055851e-001
  1.7675811e-001  7.8506940e-001  4.8497429e-002
  2.3744319e-001  8.0119193e-001  1.1423137e-001
  3.2844890e-001  7.3752932e-001  1.1762509e-001
  4.1403073e-001  7.7459879e-001  9.6703463e-002
  5.0294891e-001  7.2125882e-001  8.8115492e-002
  5.8984210e-001  7.8749587e-001  7.5272742e-002
  6.6022035e-001  7.3597309e-001  6.0814132e-002
 -5.4091846e-001  8.2623488e-001  6.4953504e-002
 -4.6428912e-001  8.7525288e-001  5.3114386e-002
 -3.5857309e-001  7.8300230e-001  9.9385800e-002
 -3.0131704e-001  8.3744410e-001  5.8961381e-002
 -2.2140479e-001  8.4080416e-001  1.0257492e-001
 -1.1707850e-001  8.1290852e-001  1.2745907e-001
 -3.3212946e-002  7.6649202e-001  1.0583077e-001
  4.7302912e-002  8.2920207e-001  1.1785190e-001
  8.1860123e-002  8.1682283e-001  4.1543348e-002
  1.4857104e-001  8.5359603e-001  1.0839765e-001
  2.3614466e-001  8.7988378e-001  4.2519158e-002
  3.1683381e-001  8.2854125e-001  7.7098901e-002
  4.0532866e-001  8.3165635e-001  2.9676738e-002
  5.1808074e-001  8.1429075e-001  1.1035143e-001
 -3.7080433e-001  9.2164358e-001  4.2759706e-002
 -2.9033935e-001  9.2857422e-001  9.7626195e-002
 -2.0502054e-001  9.6812987e-001  5.7463118e-002
 -1.4771398e-001  8.9008796e-001  6.8662978e-002
 -4.7092998e-002  8.7194615e-001  1.0130464e-001
  3.3572869e-002  9.0853431e-001  5.1117070e-002
  1.4180488e-001  8.9287846e-001  3.9775834e-002
  2.0914781e-001  9.6787990e-001  5.5319069e-002
  2.9905382e-001  9.5257936e-001  6.2936319e-003
  3.6753353e-001  9.2099159e-001  5.1282917e-002
  4.5855622e-001  8.7692334e-001  5.6786471e-002
 -1.2209526e-001  9.9075784e-001  1.0818055e-002
 -4.1474258e-002  9.7683628e-001  8.8398737e-002
  5.8227961e-002  9.8962418e-001  5.1656508e-002
  1.2142881e-001  9.6169406e-001  1.0383041e-001
 -5.7390843e-002 -9.3393117e-001  1.4503361e-001
  2.9301661e-002 -9.6440713e-001  1.1089619e-001
 -3.8955015e-001 -8.7633961e-001  1.1847658e-001
 -3.1044357e-001 -8.6669675e-001  1.5808312e-001
 -2.2445366e-001 -9.1794495e-001  1.3566702e-001
 -1.4504613e-001 -8.9045227e-001  1.7071441e-001
 -6.7467601e-002 -8.4543350e-001  1.9357477e-001
  1.6205587e-002 -8.9045571e-001  1.7651589e-001
  1.0525114e-001 -9.2281439e-001  1.5160892e-001
  1.7865457e-001 -8.7074582e-001  1.7801858e-001
  2.5513534e-001 -8.9942662e-001  1.4607638e-001
  3.4846605e-001 -8.7237715e-001  1.4166357e-001
 -4.7612364e-001 -8.2528411e-001  1.2635941e-001
 -3.9619686e-001 -8.0224649e-001  1.7507008e-001
 -3.1409222e-001 -7.6937049e-001  1.9677261e-001
 -2.3149457e-001 -8.3231044e-001  1.8878968e-001
 -1.5439060e-001 -7.8819437e-001  1.9953573e-001
 -7.8050928e-002 -7.4424916e-001  1.9344212e-001
  9.7231598e-003 -7.8998264e-001  1.9957546e-001
  8.9754535e-002 -8.3492682e-001  1.9505070e-001
  1.7475490e-001 -7.8192382e-001  1.9958161e-001
  2.7098543e-001 -8.2312910e-001  1.8773845e-001
  3.5168694e-001 -7.7755914e-001  1.9197249e-001
  4.1991190e-001 -8.0786646e-001  1.6532214e-001
  5.0314326e-001 -7.9016390e-001  1.4388295e-001
 -6.2733309e-001 -7.0152514e-001  1.3978965e-001
 -5.4891093e-001 -7.6620623e-001  1.3782783e-001
 -4.7325403e-001 -7.3964291e-001  1.8294323e-001
 -3.9662431e-001 -7.0368535e-001  1.9935950e-001
 -3.0284696e-001 -6.6961694e-001  1.8952291e-001
 -2.3514883e-001 -7.3031410e-001  1.9730926e-001
 -1.5082368e-001 -6.8836341e-001  1.7667164e-001
 -6.5565503e-002 -6.5592987e-001  1.4392727e-001
  4.6653358e-003 -6.9871180e-001  1.7342525e-001
  9.4274717e-002 -7.3735264e-001  1.9213675e-001
  1.7876669e-001 -6.8702810e-001  1.7947072e-001
  2.5808635e-001 -7.3071124e-001  1.9833663e-001
  3.4427335e-001 -6.8378067e-001  1.9705121e-001
  4.4648613e-001 -7.1847756e-001  1.9396180e-001
  5.4599667e-001 -7.1210619e-001  1.7339706e-001
  6.2265783e-001 -7.0411419e-001  1.4113332e-001
 -7.0171901e-001 -6.4104600e-001  1.2929536e-001
 -6.2475320e-001 -6.1546413e-001  1.8347630e-001
 -5.4635247e-001 -6.8148165e-001  1.8483348e-001
 -4.6828397e-001 -6.3819762e-001  1.9950059e-001
 -3.7884764e-001 -6.1029610e-001  1.8314638e-001
 -2.9340368e-001 -5.8705628e-001  1.4076886e-001
 -2.1963917e-001 -6.3581612e-001  1.5579216e-001
  2.6573156e-001 -6.3723029e-001  1.6873652e-001
  3.4505371e-001 -5.8125453e-001  1.5857631e-001
  4.1297925e-001 -6.2756470e-001  1.9418862e-001
  5.1247580e-001 -6.4161748e-001  1.9827945e-001
  6.1058370e-001 -6.2516437e-001  1.8467400e-001
  6.9733076e-001 -6.5011634e-001  1.2532764e-001
 -7.6836834e-001 -5.6200159e-001  1.2702791e-001
 -6.9151099e-001 -5.5610140e-001  1.7879301e-001
 -5.4209414e-001 -5.7251778e-001  1.9944409e-001
 -4.5675545e-001 -5.3688933e-001  1.7704777e-001
 -3.8044447e-001 -5.2561643e-001  1.3382131e-001
  4.1749483e-001 -5.2503934e-001  1.5447085e-001
  4.9211411e-001 -5.6117149e-001  1.9295468e-001
  5.7932601e-001 -5.4139091e-001  1.9969282e-001
  6.8598285e-001 -5.7534032e-001  1.7460939e-001
  7.5550060e-001 -5.1417172e-001  1.6292071e-001
 -8.2273489e-001 -4.7635730e-001  1.2893896e-001
 -7.3169639e-001 -4.7929163e-001  1.8438845e-001
 -6.2463417e-001 -5.0509173e-001  1.9948866e-001
 -5.2834879e-001 -4.7945923e-001  1.8097859e-001
  5.0147617e-001 -4.7216148e-001  1.6738006e-001
  5.9694290e-001 -4.5012443e-001  1.9326899e-001
  6.7329321e-001 -4.8357451e-001  1.9712470e-001
  7.4850414e-001 -4.1666343e-001  1.9085794e-001
  8.2547307e-001 -4.4229631e-001  1.4394608e-001
 -8.6665860e-001 -3.8738551e-001  1.3061287e-001
 -7.9026089e-001 -4.0442966e-001  1.7869499e-001
 -6.8381788e-001 -4.0763368e-001  1.9960521e-001
 -5.9525970e-001 -4.2004605e-001  1.8723134e-001
 -5.2229510e-001 -3.8594587e-001  1.3401890e-001
  5.5963461e-001 -3.8258451e-001  1.5980159e-001
  6.6095104e-001 -3.7337677e-001  1.9589275e-001
  8.1858938e-001 -3.3886423e-001  1.7941674e-001
  8.7977094e-001 -3.7124623e-001  1.2400182e-001
 -8.5172126e-001 -3.1030579e-001  1.6825292e-001
 -7.6401455e-001 -3.2600774e-001  1.9692754e-001
 -6.8281602e-001 -3.1017164e-001  1.9385733e-001
 -6.0452708e-001 -3.3882282e-001  1.7018129e-001
  6.0158228e-001 -3.1089715e-001  1.5904190e-001
  7.3652890e-001 -3.1617814e-001  1.9970559e-001
  8.7998293e-001 -2.6990693e-001  1.5772909e-001
 -8.9122913e-001 -2.1312376e-001  1.6093215e-001
 -8.0675487e-001 -2.3110968e-001  1.9539843e-001
 -7.1543525e-001 -2.2895862e-001  1.9412039e-001
 -6.2245452e-001 -2.4110324e-001  1.5232768e-001
  6.6425628e-001 -2.6151141e-001  1.8114638e-001
  7.2509239e-001 -2.1358245e-001  1.9522605e-001
  8.0812105e-001 -2.3733094e-001  1.9480842e-001
  9.4046137e-001 -2.0158700e-001  1.1442734e-001
 -8.5149165e-001 -1.3416592e-001  1.8935096e-001
 -7.6397360e-001 -1.3697842e-001  1.9842606e-001
 -6.7632177e-001 -1.5051096e-001  1.6987408e-001
  6.6743217e-001 -1.4716894e-001  1.6371581e-001
  7.7021037e-001 -1.3921827e-001  1.9911532e-001
  8.6540105e-001 -1.6188927e-001  1.8181585e-001
  9.3763289e-001 -1.1965838e-001  1.3530147e-001
 -9.5904708e-001 -1.6230725e-002  1.1801495e-001
 -8.8862868e-001 -3.3854657e-002  1.7779851e-001
 -8.0001452e-001 -4.6581921e-002  1.9959842e-001
 -7.0785694e-001 -5.1155149e-002  1.7937840e-001
  6.3970445e-001 -5.6952190e-002  1.2594988e-001
  7.1698637e-001 -5.7497343e-002  1.8364486e-001
  8.1472554e-001 -6.5319828e-002  1.9865217e-001
  8.9847224e-001 -5.2175214e-002  1.7177577e-001
 -9.1647447e-001  6.6295876e-002  1.5916891e-001
 -8.3513529e-001  4.7690416e-002  1.9600118e-001
 -7.4198107e-001  4.2575580e-002  1.9209597e-001
 -6.6073997e-001  2.1083496e-002  1.4613249e-001
  6.7384665e-001  2.8802798e-002  1.5729959e-001
  7.6382857e-001  2.3383529e-002  1.9683194e-001
  8.5807745e-001  3.1351850e-002  1.9050778e-001
  9.4004665e-001  3.0294853e-002  1.4024247e-001
 -8.5925557e-001  1.4380342e-001  1.8621293e-001
 -7.6592747e-001  1.3266275e-001  1.9862610e-001
 -6.7722498e-001  1.1917183e-001  1.6697032e-001
  6.3439475e-001  1.1108171e-001  1.2780116e-001
  7.1758414e-001  1.0368950e-001  1.8590717e-001
  8.1449109e-001  1.1148807e-001  1.9850786e-001
  9.0347891e-001  1.1781181e-001  1.6503578e-001
 -9.3482402e-001  1.6032506e-001  1.3223468e-001
 -7.9004719e-001  2.2147648e-001  1.9857195e-001
 -6.9409225e-001  2.1397672e-001  1.8653867e-001
  6.6874804e-001  1.8607375e-001  1.7081368e-001
  7.6589841e-001  1.8780918e-001  1.9947566e-001
  8.6008505e-001  1.9946510e-001  1.8098293e-001
  9.3568346e-001  1.9904349e-001  1.2236804e-001
 -8.7555002e-001  2.3079563e-001  1.6867361e-001
 -8.0993353e-001  3.1522024e-001  1.8680283e-001
 -7.1558780e-001  3.0010573e-001  1.9850600e-001
 -6.1916053e-001  2.8564253e-001  1.6279199e-001
  6.1652495e-001  2.6408891e-001  1.5421873e-001
  7.0833029e-001  2.6336125e-001  1.9517824e-001
  8.0541013e-001  2.8285289e-001  1.9160398e-001
  8.9162681e-001  2.8226046e-001  1.4556161e-001
 -8.8163498e-001  3.2581740e-001  1.4014946e-001
 -7.4451244e-001  3.9500729e-001  1.9468725e-001
 -6.5106529e-001  3.6747068e-001  1.9328695e-001
 -5.5914693e-001  3.5328701e-001  1.4632639e-001
  5.5503554e-001  3.4057198e-001  1.3597700e-001
  6.4461252e-001  3.4023510e-001  1.8737390e-001
  7.3851312e-001  3.5530643e-001  1.9835242e-001
  8.3965337e-001  3.6228423e-001  1.6265954e-001
 -8.1974986e-001  4.1111060e-001  1.6049886e-001
 -6.8812961e-001  4.5631710e-001  1.9779916e-001
 -5.8628236e-001  4.3490237e-001  1.8776175e-001
 -4.9343073e-001  4.3557413e-001  1.4292289e-001
  5.6853810e-001  4.1734116e-001  1.7732161e-001
  6.7195192e-001  4.2483316e-001  1.9961798e-001
  7.7691883e-001  4.2827626e-001  1.7881167e-001
  8.5538615e-001  4.3746672e-001  1.1565252e-001
 -7.6887353e-001  5.0504861e-001  1.5837214e-001
 -6.9353235e-001  5.5009395e-001  1.7965593e-001
 -6.1075291e-001  5.2562768e-001  1.9951542e-001
 -5.1512921e-001  5.0698137e-001  1.8511501e-001
 -4.1238019e-001  5.1216052e-001  1.4266480e-001
  5.0213897e-001  5.0347838e-001  1.8016602e-001
  6.0341079e-001  4.9171280e-001  1.9867042e-001
  7.0771350e-001  4.9762826e-001  1.8826077e-001
  7.8685465e-001  5.0910325e-001  1.4354756e-001
 -7.2916538e-001  6.0866773e-001  1.3000353e-001
 -6.3428530e-001  6.3223306e-001  1.7415200e-001
 -5.5416390e-001  5.9652558e-001  1.9896651e-001
 -4.5588142e-001  5.6975427e-001  1.8775175e-001
 -3.7037580e-001  6.0883814e-001  1.8072567e-001
  3.2642452e-001  5.4681576e-001  1.1855144e-001
  4.0794635e-001  4.9877111e-001  1.2870186e-001
  4.3198663e-001  5.6828034e-001  1.8117346e-001
  5.3580308e-001  5.8157306e-001  1.9954911e-001
  6.2934953e-001  5.6587113e-001  1.9402194e-001
  7.1014804e-001  5.8207229e-001  1.5980740e-001
 -6.0543501e-001  7.1697425e-001  1.4197560e-001
 -5.3855979e-001  6.8612543e-001  1.8529611e-001
 -4.5605881e-001  6.5333419e-001  1.9975298e-001
 -3.7552531e-001  7.0382087e-001  1.9949804e-001
 -2.8999912e-001  6.5769551e-001  1.8336084e-001
 -2.2308893e-001  6.0955355e-001  1.3426014e-001
 -1.5341072e-001  6.7432349e-001  1.6923583e-001
 -6.3109326e-002  6.5529801e-001  1.4344009e-001
  1.1823378e-002  6.7681111e-001  1.5882183e-001
  8.4014753e-002  6.3137349e-001  1.1866192e-001
  1.6920233e-001  6.5255823e-001  1.5712000e-001
  2.6617066e-001  6.6936882e-001  1.8407872e-001
  3.4912904e-001  6.9696069e-001  1.9882959e-001
  3.5087519e-001  6.1033221e-001  1.7631313e-001
  4.4881485e-001  6.5403121e-001  1.9950703e-001
  5.4102173e-001  6.7433028e-001  1.8861099e-001
  6.2358457e-001  6.4378637e-001  1.7423976e-001
 -5.3669509e-001  7.7642224e-001  1.3752165e-001
 -4.5964237e-001  7.5052909e-001  1.8214642e-001
 -3.8407766e-001  8.0189378e-001  1.7761997e-001
 -3.0598753e-001  7.6122126e-001  1.9833340e-001
 -2.2381575e-001  7.0959758e-001  1.9229469e-001
 -1.5093195e-001  7.7165646e-001  1.9932543e-001
 -7.2402328e-002  7.3048922e-001  1.8922635e-001
  2.0304128e-002  7.6258848e-001  1.9659958e-001
  9.7844874e-002  7.0752668e-001  1.8148207e-001
  1.8903276e-001  7.3986688e-001  1.9672944e-001
  2.7303315e-001  7.6599694e-001  1.9916828e-001
  3.4948761e-001  8.0857851e-001  1.8198802e-001
  4.1228974e-001  7.4836118e-001  1.9152071e-001
  4.9385581e-001  7.4761525e-001  1.7430070e-001
  5.9062604e-001  7.3256595e-001  1.3924175e-001
 -4.5767678e-001  8.3296817e-001  1.2942267e-001
 -3.7863377e-001  8.8096777e-001  1.1872830e-001
 -3.0270044e-001  8.5739556e-001  1.6652168e-001
 -2.2586129e-001  8.1652894e-001  1.9362375e-001
 -1.4772843e-001  8.7522006e-001  1.7854754e-001
 -5.9677638e-002  8.2103511e-001  1.9809923e-001
  1.8273098e-002  8.6172481e-001  1.8911682e-001
  1.0413664e-001  8.0498665e-001  1.9920989e-001
  1.9150810e-001  8.3397687e-001  1.9113295e-001
  2.7889993e-001  8.6490218e-001  1.6627229e-001
  3.7417870e-001  8.7771904e-001  1.2486941e-001
  4.4078786e-001  8.2953338e-001  1.4088443e-001
 -2.1586388e-001  9.1378467e-001  1.4136284e-001
 -1.2525259e-001  9.5688625e-001  1.1004619e-001
 -6.5007255e-002  9.1084717e-001  1.6293156e-001
  2.9580791e-002  9.4080489e-001  1.3976363e-001
  1.0819873e-001  8.9628002e-001  1.6996073e-001
  2.0321992e-001  9.1956522e-001  1.3918713e-001
  2.8897134e-001  9.2696104e-001  1.0034294e-001
